#         Time      average          sum          max
            1  1.14913e-06    0.0728549    2.957e-05
            2  2.64889e-07    0.0167939  1.38677e-05
            3  1.85056e-07    0.0117326   9.5566e-06
            4  1.97347e-07    0.0125118  7.86038e-06
            5    1.398e-07   0.00886335  6.60767e-06
            6  1.13944e-07   0.00722402   5.9035e-06
            7  9.61614e-08   0.00609663  4.98508e-06
            8  8.06957e-08   0.00511611  3.87726e-06
            9  6.93194e-08   0.00439485   3.1262e-06
           10  6.08362e-08   0.00385702  2.85497e-06
           11  5.45122e-08   0.00345608  4.20616e-06
           12  5.00135e-08   0.00317085  5.36689e-06
           13  4.74456e-08   0.00300805  6.35871e-06
           14  4.41323e-08   0.00279799  7.07789e-06
           15  4.23492e-08   0.00268494  7.57348e-06
           16  4.12076e-08   0.00261256  7.89959e-06
           17  4.04488e-08   0.00256446  8.09614e-06
           18  3.99436e-08   0.00253243  8.19709e-06
           19  3.96637e-08   0.00251468  8.23007e-06
           20  3.94624e-08   0.00250192  8.21478e-06
           21  3.93423e-08    0.0024943  8.16746e-06
           22  3.92453e-08   0.00248815  8.10266e-06
           23   3.9194e-08    0.0024849  8.02813e-06
           24   3.9079e-08   0.00247761  7.95113e-06
           25  3.89576e-08   0.00246991  7.87595e-06
           26  3.88129e-08   0.00246074   7.8049e-06
           27  3.86714e-08   0.00245176  7.73951e-06
           28  3.85354e-08   0.00244315  7.68035e-06
           29  3.84108e-08   0.00243524  7.62764e-06
           30  3.82994e-08   0.00242818  7.58121e-06
           31  3.82049e-08   0.00242219  7.54071e-06
           32  3.81295e-08   0.00241741  7.50567e-06
           33  3.80746e-08   0.00241393  7.47555e-06
           34  3.80316e-08    0.0024112  7.44978e-06
           35  3.79979e-08   0.00240907  7.42868e-06
           36  3.79728e-08   0.00240748  7.40968e-06
           37  3.79366e-08   0.00240518  7.39428e-06
           38  3.79157e-08   0.00240385  7.38079e-06
           39  3.78812e-08   0.00240167  7.36938e-06
           40  3.78579e-08   0.00240019  7.36001e-06
           41  3.78336e-08   0.00239865  7.35214e-06
           42  3.78099e-08   0.00239715  7.34557e-06
           43  3.77879e-08   0.00239575   7.3401e-06
           44  3.77678e-08   0.00239448  7.33554e-06
           45  3.77509e-08   0.00239341  7.33175e-06
           46  3.77371e-08   0.00239253   7.3286e-06
           47   3.7726e-08   0.00239183  7.32597e-06
           48  3.77174e-08   0.00239128  7.32379e-06
           49  3.77102e-08   0.00239083  7.32199e-06
           50  3.77044e-08   0.00239046  7.32048e-06
           51  3.76998e-08   0.00239017  7.31924e-06
           52  3.76966e-08   0.00238997   7.3182e-06
           53  3.76955e-08    0.0023899  7.31731e-06
           54  3.76925e-08   0.00238971   7.3167e-06
           55  3.76938e-08   0.00238978  7.31602e-06
           56  3.76949e-08   0.00238986  7.31553e-06
           57  3.76938e-08   0.00238979   7.3152e-06
           58  3.76964e-08   0.00238995   7.3148e-06
           59  3.76982e-08   0.00239007  7.31452e-06
           60  3.76984e-08   0.00239008  7.31434e-06
           61  3.77012e-08   0.00239025  7.31411e-06
           62  3.77026e-08   0.00239034  7.31397e-06
           63  3.77041e-08   0.00239044  7.31383e-06
           64  3.77056e-08   0.00239053  7.31373e-06
           65   3.7707e-08   0.00239062  7.31365e-06
           66  3.77082e-08    0.0023907  7.31357e-06
           67  3.77095e-08   0.00239078  7.31352e-06
           68  3.77106e-08   0.00239085  7.31347e-06
           69  3.77117e-08   0.00239092  7.31343e-06
           70  3.77126e-08   0.00239098   7.3134e-06
           71  3.77134e-08   0.00239103  7.31337e-06
           72  3.77144e-08   0.00239109  7.31335e-06
           73  3.77151e-08   0.00239114  7.31334e-06
           74  3.77159e-08   0.00239119  7.31332e-06
           75  3.77166e-08   0.00239124  7.31332e-06
           76  3.77172e-08   0.00239127  7.31331e-06
           77  3.77177e-08    0.0023913   7.3133e-06
           78  3.77182e-08   0.00239133  7.31329e-06
           79  3.77187e-08   0.00239136  7.31329e-06
           80  3.77191e-08   0.00239139  7.31329e-06
           81  3.77195e-08   0.00239142  7.31329e-06
           82  3.77197e-08   0.00239143  7.31328e-06
           83    3.772e-08   0.00239145  7.31328e-06
           84  3.77203e-08   0.00239146  7.31328e-06
           85  3.77205e-08   0.00239148  7.31328e-06
           86  3.77206e-08   0.00239149  7.31328e-06
           87  3.77208e-08    0.0023915  7.31328e-06
           88  3.77209e-08    0.0023915  7.31328e-06
           89   3.7721e-08   0.00239151  7.31328e-06
           90  3.77211e-08   0.00239152  7.31328e-06
           91  3.77212e-08   0.00239152  7.31328e-06
           92  3.77212e-08   0.00239153  7.31328e-06
           93  3.77213e-08   0.00239153  7.31328e-06
           94  3.77213e-08   0.00239153  7.31328e-06
           95  3.77214e-08   0.00239153  7.31328e-06
           96  3.77214e-08   0.00239154  7.31328e-06
           97  3.77214e-08   0.00239154  7.31328e-06
           98  3.77214e-08   0.00239154  7.31328e-06
           99  3.77215e-08   0.00239154  7.31328e-06
          100  3.77215e-08   0.00239154  7.31328e-06
