#        Time  min max
            1       100013       103056
            2       100006       102721
            3       100001       103044
            4       100000       103250
            5      99993.8       103244
            6      99985.1       103259
            7        99989       103261
            8      99994.9       103261
            9       100001       103260
           10       100001       103258
           11       100001       103256
           12       100001       103252
           13       100001       103247
           14       100000       103240
           15       100000       103233
           16       100000       103226
           17       100000       103219
           18       100000       103212
           19       100000       103206
           20       100000       103201
           21       100000       103196
           22       100000       103191
           23       100000       103187
           24       100000       103184
           25       100001       103181
           26       100001       103179
           27       100001       103177
           28       100001       103175
           29       100001       103173
           30       100001       103172
           31       100001       103171
           32       100001       103170
           33       100001       103169
           34       100001       103169
           35       100001       103168
           36       100001       103167
           37       100001       103167
           38       100001       103167
           39       100001       103166
           40       100001       103166
           41       100001       103166
           42       100001       103166
           43       100001       103166
           44       100001       103165
           45       100001       103165
           46       100001       103165
           47       100001       103165
           48       100001       103165
           49       100001       103165
           50       100001       103165
           51       100001       103165
           52       100001       103165
           53       100001       103165
           54       100001       103165
           55       100001       103165
           56       100001       103165
           57       100001       103165
           58       100001       103165
           59       100001       103164
           60       100001       103164
           61       100001       103164
           62       100001       103164
           63       100001       103164
           64       100001       103164
           65       100001       103164
           66       100001       103164
           67       100001       103164
           68       100001       103164
           69       100001       103164
           70       100001       103164
           71       100000       103164
           72       100000       103164
           73       100000       103164
           74       100000       103164
           75       100000       103164
           76       100000       103164
           77       100000       103164
           78       100000       103164
           79       100000       103164
           80       100000       103164
           81       100000       103164
           82       100000       103164
           83       100000       103164
           84       100000       103164
           85       100000       103164
           86       100000       103164
           87       100000       103164
           88       100000       103164
           89       100000       103164
           90       100000       103164
           91       100000       103164
           92       100000       103164
           93       100000       103164
           94       100000       103164
           95       100000       103164
           96       100000       103164
           97       100000       103164
           98       100000       103164
           99       100000       103164
          100       100000       103164
