#        Time  sum
            1   -0.0998208
            2   -0.0998848
            3   -0.0997749
            4   -0.0999218
            5   -0.0999422
            6   -0.0999745
            7   -0.0999765
            8   -0.0999853
            9   -0.0999889
           10   -0.0999896
           11   -0.0999901
           12   -0.0999925
           13    -0.100001
           14    -0.100003
           15    -0.100003
           16    -0.100003
           17    -0.100003
           18    -0.100002
           19    -0.100002
           20    -0.100002
           21    -0.100001
           22    -0.100001
           23    -0.100001
           24    -0.100001
           25    -0.100001
           26         -0.1
           27         -0.1
           28         -0.1
           29         -0.1
           30         -0.1
           31         -0.1
           32         -0.1
           33         -0.1
           34         -0.1
           35         -0.1
           36         -0.1
           37         -0.1
           38         -0.1
           39         -0.1
           40         -0.1
           41         -0.1
           42         -0.1
           43         -0.1
           44         -0.1
           45         -0.1
           46         -0.1
           47         -0.1
           48         -0.1
           49         -0.1
           50         -0.1
           51         -0.1
           52         -0.1
           53         -0.1
           54         -0.1
           55         -0.1
           56         -0.1
           57         -0.1
           58         -0.1
           59         -0.1
           60         -0.1
           61         -0.1
           62         -0.1
           63         -0.1
           64         -0.1
           65         -0.1
           66         -0.1
           67         -0.1
           68         -0.1
           69         -0.1
           70         -0.1
           71         -0.1
           72         -0.1
           73         -0.1
           74         -0.1
           75         -0.1
           76         -0.1
           77         -0.1
           78         -0.1
           79         -0.1
           80         -0.1
           81         -0.1
           82         -0.1
           83         -0.1
           84         -0.1
           85         -0.1
           86         -0.1
           87         -0.1
           88         -0.1
           89         -0.1
           90         -0.1
           91         -0.1
           92         -0.1
           93         -0.1
           94         -0.1
           95         -0.1
           96         -0.1
           97         -0.1
           98         -0.1
           99         -0.1
          100         -0.1
