#        Time  max
   1.1999e-05     0.107806
  2.63965e-05     0.403925
  3.92103e-05     0.431469
  5.35751e-05     0.428205
  7.01081e-05     0.437986
  8.78138e-05     0.384659
  0.000101174     0.373892
  0.000112225     0.365795
  0.000122565     0.357675
  0.000133375     0.348707
  0.000145316     0.338908
  0.000158643     0.328482
   0.00017353     0.317402
  0.000188861     0.306449
  0.000203685     0.296547
  0.000218019     0.287513
   0.00023029     0.280547
  0.000241527     0.274306
  0.000252226     0.268535
  0.000262723     0.262809
  0.000273308     0.265592
  0.000284275     0.263915
  0.000295982     0.267472
  0.000308818     0.269624
  0.000323102     0.270588
  0.000337939     0.270873
   0.00035246      0.27309
  0.000366613     0.284789
  0.000380354      0.29431
  0.000393668     0.301398
  0.000406576       0.3061
    0.0004191      0.30863
  0.000431279     0.309114
  0.000443171     0.307742
  0.000454851     0.304625
  0.000466397     0.299672
  0.000477898     0.295455
  0.000489471     0.293584
  0.000501246     0.290678
  0.000513378     0.260006
  0.000526063     0.254982
  0.000539533     0.248557
  0.000553853     0.240675
  0.000568231     0.231843
  0.000582642     0.222263
  0.000596999     0.212141
  0.000611208     0.207202
  0.000625195     0.214683
  0.000638918     0.221789
  0.000652397       0.2278
  0.000665706     0.232301
  0.000678946     0.234957
   0.00069228     0.235548
   0.00070592      0.23387
   0.00072015      0.22966
  0.000735308     0.222567
  0.000751058     0.212888
  0.000766516     0.226842
  0.000781471     0.218189
  0.000796301     0.279939
  0.000811279     0.259244
  0.000826646     0.242186
  0.000842668     0.227024
  0.000859142     0.213455
  0.000875495     0.200879
  0.000891864     0.188671
  0.000908377      0.18946
  0.000925143     0.194386
   0.00094226     0.197053
  0.000959818     0.198057
  0.000977921     0.199226
  0.000996675      0.20044
   0.00101624     0.202749
   0.00103681     0.205241
   0.00105868     0.206579
   0.00108156     0.206239
   0.00110556     0.204955
   0.00113149     0.204762
   0.00115806     0.207776
   0.00118405     0.213405
   0.00120873     0.218674
   0.00123233     0.221949
   0.00125566     0.223477
   0.00127979     0.224225
   0.00130582     0.225212
   0.00133379     0.226869
    0.0013622     0.228578
   0.00139007      0.22984
   0.00141701     0.231018
   0.00144648     0.232161
   0.00147667     0.232052
   0.00150276     0.231916
   0.00152604     0.234771
   0.00154793     0.239592
   0.00156937     0.248492
   0.00159089     0.262872
   0.00161269     0.239543
   0.00163476     0.246692
   0.00165689     0.252706
   0.00167886     0.258139
   0.00170059     0.241259
    0.0017222     0.239819
   0.00174382     0.236503
   0.00176545      0.23228
   0.00178663     0.227682
   0.00180641     0.223022
   0.00182589     0.218191
   0.00184572     0.213402
   0.00186648     0.209314
    0.0018862      0.20709
   0.00190561      0.20501
   0.00192524     0.200865
   0.00194577     0.194774
   0.00196835     0.184367
   0.00199354     0.167246
   0.00202155     0.115578
   0.00205284    0.0989008
   0.00208805    0.0871848
   0.00212794     0.113022
   0.00216319     0.128152
   0.00219734     0.152736
   0.00222844     0.158956
   0.00225002     0.161529
   0.00227064     0.164325
    0.0022913     0.170457
   0.00231256     0.178757
   0.00233382     0.187764
   0.00235371     0.195147
   0.00237278     0.199829
   0.00239123     0.201441
   0.00240929       0.2001
   0.00242717     0.195804
   0.00244348     0.189531
   0.00245876     0.182204
   0.00247337     0.174447
   0.00248758     0.169883
   0.00250163     0.169767
   0.00251573     0.169025
   0.00253006     0.167603
   0.00254487     0.170016
    0.0025604     0.165022
    0.0025765     0.159056
   0.00259259     0.156475
   0.00260885     0.167453
   0.00262537     0.162983
    0.0026422     0.160653
   0.00265938     0.159353
   0.00267687     0.158076
   0.00269461     0.156162
   0.00271253     0.153151
   0.00273052     0.148869
   0.00274855     0.143685
   0.00276667     0.137666
   0.00278494     0.130848
   0.00280358     0.123139
   0.00282279     0.114512
   0.00284281     0.104987
   0.00286392    0.0946186
   0.00288642     0.083447
   0.00291072    0.0854088
   0.00293606    0.0966463
   0.00296227     0.103685
   0.00298992     0.105672
   0.00301838     0.115115
   0.00304798     0.128357
   0.00307924     0.141472
   0.00311287     0.153652
    0.0031502     0.164176
   0.00319166     0.171652
   0.00323174     0.174807
    0.0032668      0.17477
   0.00329946     0.172802
   0.00332722     0.170044
    0.0033533     0.166545
   0.00337867     0.162242
   0.00340378     0.158796
   0.00342878     0.164898
   0.00345372     0.170256
   0.00347859     0.174872
   0.00350329     0.184652
   0.00352768     0.195277
   0.00355174     0.206288
   0.00357596     0.217399
   0.00360035     0.228463
   0.00362481     0.184906
   0.00364917     0.185005
   0.00367335     0.184609
   0.00369743     0.184455
   0.00372171     0.185069
   0.00374674     0.186023
   0.00376848     0.187858
   0.00378783     0.162132
   0.00380586     0.159194
   0.00382316     0.155931
   0.00384008     0.152219
   0.00385688     0.147881
   0.00387369     0.142832
   0.00389073     0.136927
   0.00390819     0.129752
   0.00392627      0.12118
   0.00394521     0.111102
    0.0039653    0.0993982
   0.00398688    0.0859568
   0.00401028    0.0705336
   0.00403575    0.0631444
   0.00406236    0.0611181
   0.00408989    0.0629369
   0.00411828    0.0681871
   0.00414719    0.0740428
   0.00417501    0.0800873
   0.00420092    0.0857578
   0.00422511    0.0906957
    0.0042479    0.0948798
   0.00426958    0.0983702
   0.00429039     0.101244
   0.00431051     0.104685
   0.00433013     0.107327
   0.00434941     0.108774
   0.00436849     0.109061
   0.00438754     0.108551
   0.00440665     0.109339
   0.00442595     0.110007
   0.00444558     0.110545
   0.00446568     0.111984
   0.00448631      0.11714
   0.00450665     0.113914
    0.0045268     0.113698
   0.00454685     0.112791
   0.00456689      0.11132
   0.00458698     0.129556
    0.0046072     0.124968
   0.00462764     0.122137
   0.00464833     0.120051
   0.00466928     0.117672
   0.00469042     0.114043
   0.00471166     0.108911
   0.00473289     0.102529
   0.00475407    0.0954128
   0.00477518    0.0881499
   0.00479635    0.0812467
   0.00481743    0.0746445
   0.00483833     0.068327
   0.00485927    0.0620589
   0.00488032      0.05562
   0.00490155    0.0490041
   0.00492298    0.0423418
   0.00494463     0.035821
   0.00496648     0.033016
   0.00498852    0.0349834
   0.00501076    0.0374582
   0.00503327    0.0403867
   0.00505618    0.0441031
   0.00507962    0.0486513
   0.00510389    0.0538178
   0.00512924     0.059286
   0.00515587    0.0645399
   0.00518381    0.0690362
   0.00521291    0.0723348
   0.00524291    0.0780218
   0.00527363     0.084978
   0.00530511    0.0920729
   0.00533754     0.099115
   0.00537115     0.105597
   0.00540623     0.111738
    0.0054422     0.117064
   0.00547717     0.121888
   0.00551204     0.126921
   0.00554732      0.13214
   0.00558288     0.136375
   0.00561752     0.136452
   0.00565174     0.132798
   0.00568666      0.12709
   0.00572406      0.11889
   0.00576017     0.109258
   0.00579418    0.0795871
   0.00582656    0.0751557
   0.00585754    0.0715249
   0.00588721    0.0668291
   0.00591565    0.0613547
   0.00594306    0.0553302
   0.00596976    0.0490655
     0.005996    0.0428501
   0.00602201    0.0374974
   0.00604782    0.0388592
   0.00607355    0.0406495
   0.00609921    0.0454605
   0.00612482    0.0531269
   0.00615042    0.0570767
   0.00617608    0.0591242
   0.00620209    0.0600334
   0.00622883    0.0614717
   0.00625676     0.063992
   0.00628622     0.063054
   0.00631501    0.0602509
   0.00634345    0.0994238
   0.00637212     0.102603
   0.00639897     0.102441
   0.00642215     0.100396
    0.0064431    0.0978782
   0.00646259    0.0954914
   0.00648109    0.0933337
   0.00649892    0.0913226
   0.00651632    0.0892828
   0.00653344    0.0870571
    0.0065504    0.0845269
   0.00656724    0.0816075
   0.00658404    0.0784241
   0.00660084    0.0750582
   0.00661766    0.0715797
    0.0066345    0.0680903
   0.00665125    0.0646884
   0.00666797     0.061507
   0.00668467    0.0583621
   0.00670138    0.0553369
   0.00671814    0.0523231
   0.00673495    0.0493143
   0.00675185    0.0462399
   0.00676887    0.0430943
   0.00678605    0.0398523
   0.00680342     0.037355
   0.00682101    0.0356349
   0.00683884    0.0339825
   0.00685691    0.0324152
   0.00687522    0.0312126
   0.00689378    0.0327327
   0.00691258    0.0341079
   0.00693165    0.0353711
   0.00695101    0.0364446
    0.0069707    0.0374023
   0.00699075    0.0382021
   0.00701125    0.0389219
   0.00703224    0.0396022
   0.00705374    0.0429862
   0.00707575    0.0465857
    0.0070978    0.0499368
   0.00711977    0.0529884
   0.00714154    0.0557283
   0.00716301     0.058168
   0.00718411    0.0603648
   0.00720484    0.0623374
   0.00722521    0.0640941
   0.00724528    0.0656445
   0.00726509    0.0669725
   0.00728472    0.0680649
   0.00730423    0.0689169
   0.00732368    0.0695241
    0.0073431    0.0698975
   0.00736256    0.0700341
   0.00738209    0.0699368
   0.00740174    0.0696096
   0.00742151    0.0690346
    0.0074414    0.0681822
   0.00746146    0.0670294
   0.00748169    0.0655647
   0.00750208    0.0637977
   0.00752262    0.0617385
   0.00754329    0.0596466
   0.00756405    0.0577113
   0.00758488    0.0556551
   0.00760575    0.0534905
   0.00762661    0.0511494
   0.00764743    0.0486266
   0.00766818    0.0459398
   0.00768884    0.0431628
    0.0077094    0.0426152
   0.00772985    0.0452021
   0.00775021    0.0476725
   0.00777048    0.0498714
   0.00779072    0.0517058
   0.00781098    0.0531358
   0.00783129    0.0540884
   0.00785168    0.0546681
   0.00787219     0.054963
   0.00789285    0.0550569
   0.00791369    0.0550631
   0.00793473    0.0551929
   0.00795602    0.0554519
   0.00797756    0.0559065
   0.00799882    0.0565403
   0.00801997    0.0572783
   0.00804112    0.0579864
   0.00806239     0.058525
   0.00808385    0.0587963
   0.00810556    0.0587602
   0.00812747    0.0584402
   0.00814967    0.0578904
   0.00817223    0.0571665
   0.00819523    0.0562948
   0.00821871      0.05528
   0.00824276    0.0540115
   0.00826746    0.0542198
   0.00829283    0.0538395
   0.00831872    0.0522838
    0.0083441    0.0500704
   0.00836894    0.0477288
   0.00839329    0.0454441
   0.00841718    0.0431641
   0.00844034    0.0408771
   0.00846292    0.0385827
   0.00848514    0.0362978
   0.00850711     0.034041
   0.00852899     0.031852
   0.00855086    0.0297615
   0.00857281    0.0277887
   0.00859496     0.025914
   0.00861739    0.0240823
   0.00864016    0.0224296
     0.008663    0.0213872
   0.00868594    0.0204084
   0.00870902    0.0193885
   0.00873225    0.0183029
   0.00875565    0.0172752
   0.00877923     0.016466
   0.00880302     0.016079
   0.00882702    0.0167446
   0.00885127    0.0197386
   0.00887575    0.0225898
   0.00890044    0.0253764
   0.00892525    0.0281846
   0.00895013    0.0310131
     0.008975    0.0337328
   0.00899978    0.0364241
   0.00902447    0.0391152
   0.00904908    0.0417337
   0.00907369    0.0442564
   0.00909839    0.0466564
    0.0091233    0.0489023
   0.00914851    0.0509471
   0.00917409    0.0527317
   0.00920007    0.0541879
    0.0092264    0.0553184
   0.00925271    0.0560815
   0.00927858    0.0565243
   0.00930406    0.0566786
   0.00932919    0.0565671
   0.00935398    0.0561739
    0.0093785    0.0554631
   0.00940275    0.0544237
   0.00942674    0.0530789
    0.0094505    0.0514686
   0.00947402    0.0496166
   0.00949731    0.0475546
   0.00952042    0.0453313
   0.00954335    0.0429626
   0.00956614    0.0404351
   0.00958881    0.0377095
   0.00961136     0.034704
    0.0096338    0.0314264
   0.00965612    0.0290192
   0.00967835     0.027523
   0.00970053    0.0257591
   0.00972271    0.0237407
   0.00974496     0.024702
   0.00976736    0.0257693
   0.00978998    0.0265249
   0.00981284    0.0269787
   0.00983599     0.027214
   0.00985946    0.0273525
   0.00988337    0.0275275
   0.00990782    0.0278274
   0.00993294    0.0282364
   0.00995885    0.0285819
   0.00998562    0.0285894
    0.0100132    0.0283765
    0.0100414    0.0291222
    0.0100701    0.0299023
    0.0100991    0.0307719
    0.0101284    0.0317166
     0.010158    0.0326375
    0.0101879    0.0333969
    0.0102182    0.0339032
    0.0102489    0.0341673
    0.0102804    0.0342447
    0.0103126    0.0341907
    0.0103458    0.0339955
    0.0103801    0.0336571
    0.0104152    0.0342619
      0.01045    0.0353214
    0.0104847    0.0367416
    0.0105192    0.0380939
    0.0105537    0.0395999
    0.0105885     0.038177
    0.0106241    0.0371723
    0.0106607    0.0377479
    0.0106988    0.0394559
    0.0107379    0.0415629
    0.0107777    0.0424623
    0.0108169    0.0417871
    0.0108554    0.0408527
    0.0108937    0.0399702
     0.010931    0.0390934
    0.0109667    0.0379954
    0.0110008     0.036859
    0.0110337    0.0355226
    0.0110655    0.0340761
    0.0110963    0.0327116
    0.0111263    0.0313602
    0.0111557    0.0300949
    0.0111844    0.0288055
    0.0112125    0.0275588
    0.0112402    0.0263837
    0.0112675    0.0252956
    0.0112944    0.0243349
    0.0113212    0.0236016
    0.0113477    0.0229085
    0.0113743    0.0222552
    0.0114009    0.0216445
    0.0114276    0.0211794
    0.0114546    0.0209312
    0.0114822    0.0209743
    0.0115103    0.0212825
    0.0115387    0.0217892
    0.0115669    0.0223443
    0.0115951    0.0228375
    0.0116235    0.0268229
    0.0116519     0.026595
    0.0116806    0.0263902
    0.0117095    0.0261713
    0.0117378    0.0262517
    0.0117649    0.0267849
     0.011791    0.0272794
    0.0118162    0.0278383
    0.0118405    0.0281785
    0.0118637    0.0284726
    0.0118859    0.0286071
    0.0119073    0.0287384
    0.0119282    0.0287814
    0.0119486    0.0288235
    0.0119687    0.0288134
    0.0119885    0.0287832
    0.0120081    0.0287059
    0.0120275    0.0285921
    0.0120469    0.0284299
    0.0120661    0.0282221
    0.0120853     0.027965
    0.0121044     0.027665
    0.0121234    0.0273089
    0.0121424    0.0269094
    0.0121612    0.0264821
    0.0121799    0.0260274
    0.0121986    0.0255418
     0.012217    0.0250213
    0.0122354     0.024486
    0.0122537    0.0239397
    0.0122718    0.0233908
    0.0122899     0.031212
    0.0123078    0.0309397
    0.0123257    0.0306714
    0.0123435     0.030404
    0.0123613    0.0301575
    0.0123791    0.0299174
    0.0123969    0.0296795
    0.0124147    0.0294417
    0.0124326    0.0292018
    0.0124505    0.0289583
    0.0124685     0.028711
    0.0124867    0.0284604
    0.0125049    0.0282053
    0.0125233    0.0279404
    0.0125417    0.0276713
    0.0125604    0.0274028
    0.0125791    0.0271381
     0.012598    0.0268792
     0.012617    0.0266262
    0.0126361    0.0263784
    0.0126554    0.0261359
    0.0126748    0.0258989
    0.0126943    0.0256683
     0.012714    0.0254462
    0.0127339    0.0252358
    0.0127539    0.0250396
    0.0127742    0.0248587
    0.0127946    0.0246925
    0.0128153    0.0245376
    0.0128363    0.0243904
    0.0128575    0.0242492
    0.0128788    0.0241133
    0.0129003     0.023983
     0.012922    0.0238602
    0.0129437    0.0237476
    0.0129656    0.0236479
    0.0129875    0.0235642
    0.0130096    0.0234991
    0.0130318    0.0234553
     0.013054    0.0234346
    0.0130764    0.0234378
    0.0130989     0.026286
    0.0131215     0.026163
    0.0131443    0.0260365
    0.0131672    0.0259059
    0.0131902    0.0257709
    0.0132134    0.0256331
    0.0132367    0.0254948
    0.0132601    0.0253585
    0.0132838    0.0252253
    0.0133076    0.0250942
    0.0133316    0.0249618
    0.0133558    0.0248227
    0.0133803    0.0246704
     0.013405    0.0245034
    0.0134299     0.024323
    0.0134551    0.0241344
    0.0134806    0.0239433
    0.0135064    0.0238349
    0.0135326    0.0237348
    0.0135593    0.0236134
    0.0135864    0.0234716
     0.013614    0.0274808
    0.0136421    0.0272695
    0.0136708    0.0270386
       0.0137    0.0267924
    0.0137298    0.0265356
    0.0137602    0.0262709
    0.0137913    0.0259994
     0.013823    0.0257178
    0.0138554    0.0254179
    0.0138887    0.0250862
    0.0139227    0.0291804
    0.0139576    0.0297187
    0.0139931    0.0302066
    0.0140293    0.0307546
    0.0140662    0.0312733
    0.0141041    0.0317238
    0.0141412     0.032115
    0.0141773    0.0326386
    0.0142125    0.0333688
    0.0142471    0.0343245
    0.0142813    0.0354095
    0.0143153    0.0364457
    0.0143493    0.0372122
    0.0143833    0.0360873
    0.0144172    0.0341944
    0.0144513    0.0331926
    0.0144856    0.0330965
    0.0145203    0.0335681
    0.0145553    0.0337769
    0.0145903    0.0333928
    0.0146252    0.0324676
    0.0146594    0.0314807
    0.0146916    0.0307067
    0.0147223    0.0302501
    0.0147515    0.0299984
    0.0147796    0.0298166
    0.0148068    0.0296184
    0.0148331    0.0293741
    0.0148589    0.0290904
     0.014884    0.0287871
    0.0149088    0.0284883
    0.0149332    0.0282065
    0.0149573    0.0279495
    0.0149813    0.0277179
    0.0150051    0.0275114
    0.0150287     0.027324
    0.0150522    0.0271554
    0.0150756    0.0269981
    0.0150989    0.0268486
    0.0151221    0.0267002
    0.0151451    0.0265474
    0.0151681    0.0263869
    0.0151908    0.0262202
    0.0152134    0.0260551
    0.0152357    0.0259015
    0.0152578    0.0257696
    0.0152797    0.0256598
    0.0153012    0.0255702
    0.0153225    0.0254979
    0.0153436    0.0254374
    0.0153643    0.0253788
    0.0153848    0.0253146
     0.015405    0.0252339
    0.0154249    0.0251307
    0.0154447    0.0250004
    0.0154641    0.0248386
    0.0154834    0.0246481
    0.0155025    0.0244344
    0.0155214    0.0241969
    0.0155402    0.0239511
    0.0155588     0.031909
    0.0155773    0.0319106
    0.0155957    0.0318892
     0.015614    0.0318454
    0.0156322    0.0317804
    0.0156504    0.0316959
    0.0156685    0.0315934
    0.0156866    0.0314752
    0.0157047    0.0313426
    0.0157228    0.0311972
    0.0157408    0.0310414
    0.0157589    0.0308783
     0.015777    0.0307109
    0.0157952    0.0305315
    0.0158134    0.0303407
    0.0158317    0.0301432
      0.01585    0.0299428
    0.0158685    0.0297427
    0.0158871     0.029545
    0.0159058    0.0293502
    0.0159247    0.0291578
    0.0159438    0.0289652
     0.015963    0.0287692
    0.0159823    0.0285667
    0.0160018    0.0283553
    0.0160215    0.0281357
    0.0160413    0.0279116
    0.0160612    0.0276855
    0.0160812    0.0274611
    0.0161013    0.0272408
    0.0161215    0.0270261
     0.016142    0.0268172
    0.0161626    0.0266138
    0.0161834    0.0264151
    0.0162045    0.0262206
    0.0162258     0.026031
    0.0162473    0.0258481
    0.0162691     0.025674
    0.0162912    0.0285587
    0.0163135    0.0283513
    0.0163359    0.0281355
    0.0163586    0.0279118
    0.0163814    0.0276817
    0.0164044    0.0274488
    0.0164275    0.0272156
    0.0164509    0.0269823
    0.0164744    0.0267448
    0.0164982    0.0264961
    0.0165223    0.0262288
    0.0165466    0.0259378
    0.0165712    0.0256246
    0.0165961    0.0252976
    0.0166214    0.0249716
    0.0166471    0.0246635
    0.0166731    0.0243864
    0.0166996    0.0241479
    0.0167265    0.0239507
    0.0167538    0.0288201
    0.0167817    0.0285935
    0.0168102    0.0283508
    0.0168393    0.0280851
     0.016869    0.0277981
    0.0168995      0.02751
    0.0169309    0.0272065
    0.0169631    0.0303667
    0.0169964    0.0305559
    0.0170309    0.0309677
    0.0170666    0.0314747
    0.0171035    0.0318356
    0.0171418    0.0321456
    0.0171805     0.032469
    0.0172173    0.0329156
    0.0172527    0.0333613
    0.0172869    0.0338214
    0.0173201    0.0342481
    0.0173528    0.0346829
    0.0173849    0.0350827
    0.0174168    0.0326488
    0.0174485    0.0306366
    0.0174803    0.0295201
    0.0175124    0.0296926
    0.0175449    0.0305762
    0.0175778    0.0312827
    0.0176109    0.0313435
     0.017644    0.0308658
    0.0176769    0.0302446
    0.0177087    0.0301762
    0.0177386    0.0301766
    0.0177669    0.0300697
    0.0177938    0.0299383
    0.0178194    0.0298192
     0.017844    0.0297067
    0.0178678    0.0295806
    0.0178909     0.029416
    0.0179134    0.0291977
    0.0179354    0.0289645
     0.017957    0.0289733
    0.0179783    0.0289895
    0.0179993    0.0290008
      0.01802    0.0289943
    0.0180405    0.0289637
    0.0180608    0.0289055
    0.0180809    0.0288177
    0.0181008    0.0287013
    0.0181206    0.0285499
    0.0181402    0.0283625
    0.0181597    0.0281422
     0.018179    0.0278938
    0.0181982    0.0276226
    0.0182172    0.0273346
    0.0182361    0.0270308
    0.0182547    0.0267125
    0.0182733    0.0263858
    0.0182917    0.0260464
    0.0183099     0.025701
     0.018328    0.0253527
    0.0183459    0.0250163
    0.0183638    0.0246915
    0.0183816    0.0310292
    0.0183992    0.0309689
    0.0184168     0.030905
    0.0184344    0.0308483
    0.0184519    0.0307925
    0.0184693    0.0307377
    0.0184868    0.0306849
    0.0185043    0.0306465
    0.0185217    0.0306163
    0.0185392    0.0305859
    0.0185568    0.0305546
    0.0185744    0.0305217
    0.0185921     0.030472
    0.0186098    0.0304046
    0.0186278    0.0303195
    0.0186458    0.0302172
     0.018664    0.0300991
    0.0186824    0.0299671
    0.0187009    0.0298223
    0.0187197    0.0296647
    0.0187386    0.0294937
    0.0187577    0.0293082
    0.0187769    0.0291082
    0.0187964    0.0288951
     0.018816    0.0286712
    0.0188357    0.0284425
    0.0188554    0.0282146
    0.0188753     0.027993
    0.0188954    0.0277822
    0.0189156    0.0275844
     0.018936       0.0274
    0.0189566    0.0272277
    0.0189774     0.027067
    0.0189985    0.0298729
    0.0190198    0.0296994
    0.0190414    0.0295205
    0.0190632    0.0293385
    0.0190852    0.0291543
    0.0191075    0.0289681
      0.01913    0.0287797
    0.0191527    0.0285892
    0.0191756    0.0283967
    0.0191988    0.0282019
    0.0192222     0.028002
    0.0192458     0.027793
    0.0192696    0.0275701
    0.0192938    0.0273317
    0.0193183    0.0270808
    0.0193432     0.026826
    0.0193685    0.0265782
    0.0193942    0.0263497
    0.0194203    0.0307859
     0.019447    0.0305484
    0.0194743    0.0302971
    0.0195022    0.0300361
    0.0195308    0.0297707
    0.0195601    0.0294982
    0.0195903      0.03385
    0.0196215    0.0340666
    0.0196537    0.0342945
    0.0196872     0.034527
    0.0197219    0.0347312
     0.019758    0.0348752
    0.0197956    0.0350665
    0.0198347    0.0353961
    0.0198718    0.0357806
    0.0199074    0.0362722
    0.0199419    0.0367738
    0.0199757     0.037288
    0.0200089    0.0346276
    0.0200419    0.0327365
    0.0200749    0.0319233
    0.0201081    0.0324616
    0.0201416    0.0335271
    0.0201754    0.0341426
    0.0202093     0.033948
     0.020243    0.0332111
    0.0202755    0.0324269
     0.020306    0.0318696
    0.0203347    0.0315494
     0.020362    0.0313255
    0.0203879    0.0311374
    0.0204126    0.0309415
    0.0204365    0.0307576
    0.0204595    0.0305957
     0.020482    0.0304753
    0.0205038    0.0303957
    0.0205252    0.0303531
    0.0205463    0.0303311
    0.0205669    0.0303165
    0.0205873    0.0302938
    0.0206075    0.0302554
    0.0206275     0.030194
    0.0206472    0.0301118
    0.0206668    0.0299977
    0.0206863    0.0298489
    0.0207055    0.0296629
    0.0207246    0.0294467
    0.0207436    0.0291978
    0.0207624    0.0289236
     0.020781    0.0286232
    0.0207995    0.0283153
    0.0208178    0.0279651
     0.020836    0.0275993
     0.020854    0.0272218
    0.0208719    0.0268511
    0.0208897    0.0330419
    0.0209073    0.0329756
    0.0209248     0.032885
    0.0209423    0.0327797
    0.0209596    0.0326658
    0.0209769    0.0325435
    0.0209941    0.0324165
    0.0210113    0.0322894
    0.0210285    0.0321665
    0.0210457    0.0320511
    0.0210629    0.0319448
    0.0210802    0.0318496
    0.0210976    0.0317663
    0.0211151    0.0316762
    0.0211328    0.0315763
    0.0211507    0.0314636
    0.0211687    0.0313363
     0.021187    0.0311943
    0.0212055    0.0310377
    0.0212242    0.0308668
    0.0212431    0.0306798
    0.0212622    0.0304766
    0.0212815    0.0302558
    0.0213009    0.0300174
    0.0213204    0.0297614
      0.02134     0.029488
    0.0213598    0.0292111
    0.0213796    0.0289374
    0.0213997     0.028674
    0.0214199    0.0284209
    0.0214404    0.0281825
    0.0214611    0.0279619
    0.0214821    0.0308364
    0.0215032    0.0306327
    0.0215246    0.0304147
    0.0215462    0.0301946
    0.0215679    0.0299838
    0.0215899    0.0297889
     0.021612    0.0296116
    0.0216344    0.0294488
    0.0216569    0.0292934
    0.0216797    0.0291361
    0.0217028    0.0289676
    0.0217261    0.0287793
    0.0217498    0.0285686
    0.0217739    0.0283387
    0.0217983    0.0280982
    0.0218233    0.0278611
    0.0218487    0.0323366
    0.0218746    0.0321295
    0.0219011    0.0318869
    0.0219282    0.0316239
    0.0219556    0.0313552
    0.0219834    0.0310798
    0.0220119     0.036248
     0.022041    0.0363768
    0.0220711    0.0363784
    0.0221021    0.0363976
    0.0221344    0.0363315
     0.022168    0.0362178
     0.022203    0.0362463
    0.0222396    0.0364554
    0.0222763    0.0368672
    0.0223113    0.0372821
    0.0223452    0.0377181
    0.0223782    0.0381349
    0.0224108    0.0353304
    0.0224432    0.0332465
    0.0224755    0.0323406
    0.0225083    0.0328991
    0.0225415    0.0341062
    0.0225751    0.0349129
    0.0226089    0.0348802
    0.0226426    0.0342617
    0.0226757    0.0335495
    0.0227066    0.0330274
    0.0227354    0.0327226
    0.0227626    0.0325034
    0.0227884      0.03257
     0.022813    0.0326629
    0.0228366    0.0327443
    0.0228594    0.0327774
    0.0228814    0.0327493
    0.0229028    0.0326506
    0.0229238    0.0324851
    0.0229443    0.0322683
    0.0229644    0.0320265
    0.0229843    0.0317445
    0.0230039    0.0314621
    0.0230232    0.0311762
    0.0230423    0.0310261
    0.0230613    0.0308433
      0.02308    0.0306387
    0.0230986    0.0303823
    0.0231171    0.0300963
    0.0231353    0.0297733
    0.0231534    0.0295021
    0.0231714    0.0293258
    0.0231892    0.0291553
    0.0232069    0.0346952
    0.0232244    0.0345687
    0.0232418    0.0344476
    0.0232591    0.0343235
    0.0232763    0.0341921
    0.0232934    0.0340494
    0.0233104    0.0338928
    0.0233274    0.0337223
    0.0233443    0.0335397
    0.0233613    0.0333494
    0.0233783    0.0331498
    0.0233954    0.0329645
    0.0234126    0.0327877
    0.0234299    0.0326172
    0.0234474    0.0324551
    0.0234651    0.0323007
     0.023483    0.0321506
    0.0235011    0.0319995
    0.0235195    0.0318417
    0.0235381    0.0316712
    0.0235569     0.031484
    0.0235759    0.0312793
    0.0235952    0.0310584
    0.0236145    0.0308259
    0.0236339    0.0305847
    0.0236534    0.0303374
    0.0236732    0.0300854
    0.0236931    0.0298292
    0.0237132    0.0295686
    0.0237336    0.0293046
    0.0237542    0.0317643
     0.023775     0.031611
    0.0237961    0.0314433
    0.0238173    0.0312667
    0.0238388    0.0310809
    0.0238604    0.0308888
    0.0238822    0.0306939
    0.0239041    0.0305007
    0.0239262    0.0303151
    0.0239485    0.0301411
     0.023971    0.0299794
    0.0239937    0.0298249
    0.0240168    0.0296683
    0.0240401    0.0294993
    0.0240639    0.0293111
     0.024088    0.0291044
    0.0241126    0.0335233
    0.0241377    0.0333468
    0.0241633    0.0331314
    0.0241895    0.0328736
     0.024216    0.0325829
    0.0242427    0.0378251
    0.0242697    0.0380952
    0.0242972     0.038203
    0.0243253    0.0382067
    0.0243539    0.0381853
    0.0243834    0.0380311
    0.0244137    0.0378315
     0.024445    0.0377054
    0.0244774    0.0376976
     0.024511    0.0378194
     0.024546    0.0380945
    0.0245804    0.0383853
    0.0246138    0.0387581
    0.0246467    0.0357965
    0.0246793    0.0336253
     0.024712    0.0327725
     0.024745    0.0334565
    0.0247787    0.0347873
    0.0248128    0.0356664
    0.0248471    0.0356733
     0.024881    0.0351103
    0.0249132    0.0345118
    0.0249436    0.0340834
    0.0249721    0.0340577
    0.0249991    0.0341596
    0.0250246    0.0343335
    0.0250491    0.0344632
    0.0250726    0.0346017
    0.0250953    0.0346208
    0.0251172    0.0345895
    0.0251386    0.0344424
    0.0251594    0.0342512
    0.0251798    0.0339789
    0.0251997    0.0336906
    0.0252194    0.0333694
    0.0252387    0.0330619
    0.0252578    0.0327451
    0.0252766     0.032448
    0.0252952    0.0321291
    0.0253136    0.0318345
    0.0253319    0.0315379
    0.0253499    0.0312843
    0.0253678    0.0310222
    0.0253856    0.0364686
    0.0254032    0.0362771
    0.0254206    0.0360818
    0.0254379     0.035889
    0.0254551    0.0357018
    0.0254722    0.0355199
    0.0254891    0.0353413
    0.0255061    0.0351611
     0.025523     0.034975
    0.0255399    0.0347778
    0.0255568     0.034581
    0.0255738    0.0343677
    0.0255908    0.0341421
    0.0256081    0.0339107
    0.0256254    0.0336801
     0.025643    0.0334569
    0.0256608    0.0332454
    0.0256788    0.0330456
    0.0256971    0.0328544
    0.0257156    0.0326653
    0.0257344    0.0324703
    0.0257534    0.0322627
    0.0257726    0.0320398
    0.0257918    0.0318024
    0.0258112    0.0315536
    0.0258307    0.0312996
    0.0258504    0.0310459
    0.0258703    0.0307959
    0.0258905    0.0305502
    0.0259109    0.0327368
    0.0259315    0.0325961
    0.0259524    0.0324156
    0.0259736    0.0322137
    0.0259949    0.0320102
    0.0260165    0.0318201
    0.0260382    0.0316484
    0.0260601    0.0315002
    0.0260821    0.0313612
    0.0261044     0.031216
    0.0261268    0.0310545
    0.0261494    0.0308736
    0.0261723    0.0306772
    0.0261955    0.0304748
     0.026219    0.0302764
    0.0262429    0.0300893
    0.0262673    0.0345622
    0.0262922    0.0343149
    0.0263176    0.0340553
    0.0263436    0.0337908
    0.0263696    0.0393811
    0.0263956    0.0397437
    0.0264218    0.0399234
    0.0264484    0.0400283
    0.0264754    0.0400533
    0.0265028     0.039904
    0.0265309    0.0396857
    0.0265598    0.0394468
    0.0265894    0.0392532
    0.0266201    0.0391308
    0.0266519     0.039082
    0.0266849    0.0391607
    0.0267192    0.0393148
    0.0267527    0.0359506
    0.0267857    0.0335974
    0.0268185     0.032889
    0.0268516    0.0338314
    0.0268852    0.0353224
    0.0269192    0.0362193
    0.0269534    0.0361825
    0.0269865    0.0356184
    0.0270179    0.0351068
    0.0270476    0.0347759
    0.0270755    0.0347065
     0.027102    0.0347958
    0.0271273     0.034943
    0.0271514    0.0351253
    0.0271747    0.0352949
    0.0271972    0.0354242
     0.027219    0.0354776
    0.0272403    0.0354493
    0.0272611    0.0353416
    0.0272814    0.0351674
    0.0273013    0.0349493
    0.0273209    0.0347036
    0.0273403    0.0344417
    0.0273593     0.034166
    0.0273781    0.0338628
    0.0273967    0.0335576
    0.0274151    0.0332601
    0.0274333    0.0329723
    0.0274513    0.0326771
    0.0274691    0.0379695
    0.0274868    0.0377434
    0.0275043    0.0375036
    0.0275216    0.0372571
    0.0275388    0.0370121
    0.0275559    0.0367745
    0.0275729    0.0365484
    0.0275898    0.0363335
    0.0276067    0.0361257
    0.0276236    0.0359213
    0.0276405    0.0357133
    0.0276575    0.0354964
    0.0276746    0.0352679
    0.0276918    0.0350274
    0.0277092     0.034777
    0.0277267    0.0345222
    0.0277445    0.0342699
    0.0277626    0.0340213
    0.0277809    0.0337916
    0.0277995    0.0335753
    0.0278183    0.0333651
    0.0278373    0.0331519
    0.0278565    0.0329269
    0.0278757    0.0326829
    0.0278952    0.0324179
    0.0279148    0.0321352
    0.0279347    0.0318426
    0.0279548    0.0315506
    0.0279751    0.0333635
    0.0279956    0.0332735
    0.0280165    0.0331375
    0.0280376    0.0329573
    0.0280589    0.0327463
    0.0280804    0.0325269
    0.0281021     0.032322
     0.028124    0.0321475
    0.0281461    0.0320057
    0.0281683    0.0318832
    0.0281907     0.031772
    0.0282134     0.031644
    0.0282363    0.0314854
    0.0282595    0.0312961
    0.0282831    0.0310907
    0.0283071    0.0357442
    0.0283316    0.0355313
    0.0283565    0.0352573
    0.0283816    0.0349386
    0.0284065    0.0407063
    0.0284315    0.0410927
    0.0284565    0.0413055
    0.0284818    0.0414531
    0.0285073    0.0415401
    0.0285333    0.0414855
    0.0285597    0.0413474
    0.0285868    0.0411232
    0.0286145    0.0408763
     0.028643    0.0406236
    0.0286725    0.0403978
     0.028703    0.0402513
    0.0287346    0.0402409
    0.0287674    0.0368025
    0.0288015    0.0340627
    0.0288351    0.0331993
    0.0288688    0.0342425
    0.0289029    0.0358363
    0.0289372    0.0367111
    0.0289712    0.0366101
    0.0290036    0.0360233
    0.0290342    0.0355386
    0.0290632    0.0352504
    0.0290907    0.0350881
    0.0291168     0.035066
    0.0291417    0.0352439
    0.0291656    0.0354646
    0.0291886    0.0356886
    0.0292109    0.0358824
    0.0292325     0.036019
    0.0292536    0.0360879
    0.0292742    0.0360826
    0.0292943    0.0360081
    0.0293141    0.0358797
    0.0293336    0.0357174
    0.0293528    0.0355261
    0.0293717    0.0352983
    0.0293904    0.0350475
    0.0294089    0.0348031
    0.0294271    0.0345511
    0.0294452    0.0342816
    0.0294631    0.0394486
    0.0294808    0.0392273
    0.0294983    0.0389803
    0.0295157    0.0387184
    0.0295329    0.0384513
      0.02955    0.0381878
     0.029567     0.037933
    0.0295839    0.0376897
    0.0296008    0.0374564
    0.0296177    0.0372295
    0.0296345    0.0370041
    0.0296514    0.0367749
    0.0296684    0.0365382
    0.0296855     0.036291
    0.0297028    0.0360333
    0.0297203    0.0357674
    0.0297379    0.0354983
    0.0297558    0.0352301
     0.029774    0.0349667
    0.0297924    0.0347096
     0.029811    0.0344518
    0.0298299    0.0342033
    0.0298489    0.0339619
    0.0298681    0.0337132
    0.0298874    0.0334516
    0.0299069    0.0331739
    0.0299267    0.0328825
    0.0299467    0.0325824
    0.0299669    0.0340021
    0.0299874    0.0339086
    0.0300081    0.0337839
     0.030029    0.0336246
    0.0300502     0.033435
    0.0300717    0.0332288
    0.0300933    0.0330251
    0.0301151    0.0328413
    0.0301371     0.032688
    0.0301593    0.0325637
    0.0301817    0.0324566
    0.0302043    0.0323455
    0.0302273    0.0322273
    0.0302505    0.0320861
    0.0302742    0.0319191
    0.0302982    0.0364739
    0.0303228    0.0362809
    0.0303474    0.0360338
    0.0303718    0.0418136
    0.0303962    0.0422857
    0.0304206    0.0425787
    0.0304451    0.0427809
    0.0304699    0.0428668
    0.0304951    0.0428174
    0.0305206    0.0426884
    0.0305466    0.0425011
    0.0305731    0.0422966
    0.0306003    0.0420735
    0.0306283    0.0418293
    0.0306572    0.0415756
    0.0306871    0.0414004
    0.0307181     0.038467
    0.0307504    0.0355451
    0.0307841    0.0340013
    0.0308181    0.0345648
    0.0308522    0.0361074
    0.0308865    0.0371859
    0.0309206    0.0372641
    0.0309531    0.0367357
     0.030984    0.0361785
    0.0310133    0.0358338
     0.031041    0.0356331
    0.0310673    0.0354557
    0.0310923    0.0352372
    0.0311163    0.0351417
    0.0311394    0.0354612
    0.0311616     0.035755
    0.0311832    0.0359938
    0.0312043    0.0361611
    0.0312248    0.0362503
     0.031245    0.0362636
    0.0312648    0.0362187
    0.0312842    0.0361334
    0.0313034    0.0360169
    0.0313223    0.0358781
     0.031341    0.0356831
    0.0313595    0.0355078
    0.0313777    0.0353118
    0.0313958    0.0351016
    0.0314137      0.04012
    0.0314314    0.0399245
    0.0314489    0.0397034
    0.0314662    0.0394621
    0.0314834    0.0392076
    0.0315004    0.0389472
    0.0315173    0.0386888
    0.0315341    0.0384283
    0.0315508    0.0381903
    0.0315675     0.037957
    0.0315842    0.0377287
     0.031601    0.0375017
    0.0316178    0.0372695
    0.0316348    0.0370279
    0.0316519    0.0367737
    0.0316692     0.036506
    0.0316867    0.0362251
    0.0317044    0.0359372
    0.0317224    0.0356502
    0.0317407    0.0353712
    0.0317593    0.0351034
    0.0317781    0.0348458
    0.0317971    0.0345923
    0.0318163    0.0343518
    0.0318357    0.0341123
    0.0318553    0.0338594
    0.0318752    0.0335841
    0.0318953    0.0344532
    0.0319156    0.0343424
    0.0319362    0.0342284
     0.031957    0.0341049
     0.031978    0.0339645
    0.0319992    0.0338025
    0.0320207    0.0336208
    0.0320423    0.0334296
    0.0320642    0.0332442
    0.0320862    0.0330799
    0.0321085    0.0329458
    0.0321311    0.0328414
     0.032154    0.0327564
    0.0321771    0.0326704
    0.0322007    0.0325735
    0.0322246    0.0369845
    0.0322491    0.0368254
    0.0322736    0.0420727
     0.032298    0.0428012
    0.0323223    0.0432906
    0.0323467    0.0436561
    0.0323713    0.0439065
    0.0323961    0.0439879
    0.0324213    0.0439497
    0.0324468    0.0438282
    0.0324729    0.0436796
    0.0324995    0.0435176
    0.0325269    0.0433289
     0.032555    0.0430954
    0.0325841    0.0428527
    0.0326143     0.041101
    0.0326457    0.0379626
    0.0326784    0.0354755
    0.0327119    0.0349525
    0.0327453    0.0360827
     0.032779    0.0374325
    0.0328127     0.037975
    0.0328458    0.0376681
    0.0328775    0.0370439
    0.0329079    0.0365219
    0.0329367    0.0361977
     0.032964    0.0359718
    0.0329899    0.0357409
    0.0330146    0.0354706
    0.0330382    0.0351785
     0.033061    0.0349673
    0.0330831    0.0353155
    0.0331045    0.0355947
    0.0331254    0.0357969
    0.0331459    0.0359205
     0.033166    0.0359752
    0.0331858    0.0359799
    0.0332052    0.0359459
    0.0332244    0.0358805
    0.0332433    0.0357714
     0.033262    0.0356501
    0.0332805    0.0355255
    0.0332987     0.040995
    0.0333168    0.0408218
    0.0333346    0.0406252
    0.0333523    0.0404047
    0.0333698    0.0401635
    0.0333871    0.0399071
    0.0334043    0.0396435
    0.0334214    0.0393687
    0.0334384    0.0390928
    0.0334554    0.0388242
    0.0334723    0.0385667
    0.0334893     0.038319
    0.0335063    0.0380756
    0.0335234    0.0378292
    0.0335406    0.0375723
     0.033558       0.0373
    0.0335756    0.0370107
    0.0335934    0.0367079
    0.0336116    0.0364001
    0.0336299    0.0360966
    0.0336486    0.0358066
    0.0336674    0.0355364
    0.0336864    0.0352846
    0.0337056    0.0350406
    0.0337249    0.0347904
    0.0337445    0.0345386
    0.0337644    0.0351044
    0.0337845    0.0349516
    0.0338048    0.0348019
    0.0338253    0.0346582
     0.033846    0.0348199
     0.033867    0.0343698
    0.0338882    0.0342075
    0.0339096    0.0340256
    0.0339313    0.0338275
    0.0339532    0.0336252
    0.0339753    0.0334343
    0.0339977    0.0332722
    0.0340204     0.033147
    0.0340433    0.0330574
    0.0340667    0.0329898
    0.0340904     0.037549
    0.0341146    0.0373718
    0.0341393    0.0420957
    0.0341648    0.0429084
    0.0341901    0.0434781
    0.0342154    0.0439289
    0.0342409    0.0442402
    0.0342666    0.0444057
    0.0342926    0.0444599
     0.034319    0.0444435
    0.0343458    0.0444153
    0.0343731    0.0443782
    0.0344012    0.0442998
    0.0344301    0.0441565
      0.03446    0.0439569
    0.0344911    0.0403946
    0.0345234    0.0372207
    0.0345571    0.0356078
    0.0345918    0.0362695
    0.0346265    0.0378092
    0.0346613      0.03869
    0.0346949    0.0385234
    0.0347272    0.0378692
    0.0347581    0.0372603
    0.0347875    0.0368634
    0.0348155    0.0366213
    0.0348421    0.0363805
    0.0348673    0.0360938
    0.0348913    0.0357638
    0.0349144    0.0354357
    0.0349368    0.0351486
    0.0349584    0.0349383
    0.0349795    0.0347845
        0.035     0.035006
    0.0350202     0.035161
    0.0350399    0.0352649
    0.0350593    0.0353237
    0.0350784     0.035349
    0.0350973     0.035343
    0.0351159    0.0352824
    0.0351342    0.0352397
    0.0351524    0.0412442
    0.0351704    0.0411043
    0.0351882    0.0409423
    0.0352058    0.0407603
    0.0352232    0.0405567
    0.0352405    0.0403353
    0.0352576    0.0401019
    0.0352746    0.0398491
    0.0352915    0.0396006
    0.0353083    0.0393524
    0.0353251    0.0391122
    0.0353419    0.0388814
    0.0353588    0.0386568
    0.0353757    0.0384322
    0.0353928    0.0381996
      0.03541    0.0379517
    0.0354274    0.0376849
    0.0354451    0.0373993
     0.035463    0.0371012
    0.0354812     0.036799
    0.0354997    0.0365028
    0.0355184    0.0362245
    0.0355371    0.0359714
    0.0355561    0.0357344
    0.0355753    0.0355049
    0.0355947    0.0352678
    0.0356143    0.0354158
    0.0356342    0.0352582
    0.0356543    0.0351001
    0.0356745    0.0349476
     0.035695    0.0363348
    0.0357157    0.0348202
    0.0357367    0.0345112
    0.0357578    0.0343489
    0.0357791    0.0341696
    0.0358007    0.0339761
    0.0358225    0.0337796
    0.0358446    0.0335962
    0.0358669    0.0334427
    0.0358896    0.0333277
    0.0359126    0.0332492
     0.035936    0.0377994
    0.0359599    0.0376478
    0.0359843    0.0422538
    0.0360089    0.0431321
    0.0360333    0.0437951
    0.0360576    0.0443042
     0.036082    0.0446658
    0.0361066    0.0448961
    0.0361313    0.0449961
    0.0361563    0.0450484
    0.0361816    0.0450607
    0.0362073     0.045097
    0.0362336    0.0451268
    0.0362605    0.0451157
    0.0362881    0.0450631
    0.0363166    0.0428105
    0.0363462     0.039887
    0.0363769    0.0374476
    0.0364088     0.036711
    0.0364417    0.0376339
    0.0364751    0.0388932
    0.0365083    0.0393787
    0.0365406    0.0390232
    0.0365719    0.0383196
    0.0366017     0.037707
    0.0366301    0.0372981
    0.0366571    0.0370266
    0.0366828    0.0367577
    0.0367074    0.0364426
     0.036731    0.0360803
    0.0367537    0.0357163
    0.0367758    0.0353906
    0.0367972    0.0351355
    0.0368181    0.0349888
    0.0368386    0.0349449
    0.0368587    0.0349082
    0.0368786    0.0348896
    0.0368982    0.0348713
    0.0369175    0.0348578
    0.0369367    0.0348657
    0.0369556    0.0348481
    0.0369744    0.0348388
    0.0369929    0.0412928
    0.0370113    0.0411726
    0.0370294    0.0410271
    0.0370473    0.0408706
    0.0370651    0.0406963
    0.0370826    0.0405078
    0.0370999    0.0402988
    0.0371171    0.0400783
    0.0371341    0.0398569
    0.0371511    0.0396405
    0.0371679    0.0394305
    0.0371847    0.0392253
    0.0372015    0.0390216
    0.0372183    0.0388151
    0.0372352    0.0386003
    0.0372522    0.0383736
    0.0372694    0.0381332
    0.0372868    0.0378788
    0.0373044    0.0376153
    0.0373224    0.0373496
    0.0373405    0.0370897
     0.037359    0.0368421
    0.0373776    0.0366098
    0.0373963    0.0363898
    0.0374154    0.0361743
    0.0374347    0.0362965
    0.0374543    0.0361498
    0.0374741     0.035988
    0.0374941    0.0358193
    0.0375145    0.0387145
     0.037535    0.0370317
    0.0375557    0.0354633
    0.0375767    0.0351725
    0.0375978    0.0350038
    0.0376193     0.034819
    0.0376409    0.0346196
    0.0376628    0.0344131
     0.037685    0.0342146
    0.0377075    0.0340401
    0.0377304    0.0339017
    0.0377536    0.0384764
    0.0377772    0.0383731
    0.0378014     0.041991
     0.037826    0.0429798
    0.0378504    0.0437726
    0.0378746    0.0443598
    0.0378988    0.0448062
    0.0379231    0.0451099
    0.0379477    0.0452694
    0.0379725     0.045378
    0.0379976    0.0454572
    0.0380231    0.0455367
    0.0380492    0.0456164
    0.0380758    0.0456736
    0.0381031    0.0456973
    0.0381311    0.0436369
    0.0381602    0.0407981
    0.0381903    0.0382666
    0.0382214    0.0372484
    0.0382535    0.0378863
    0.0382862    0.0390559
    0.0383188    0.0396341
    0.0383505    0.0393726
    0.0383814     0.038692
    0.0384112    0.0380073
    0.0384398    0.0375058
    0.0384674    0.0371499
    0.0384938    0.0368389
     0.038519    0.0365047
    0.0385434    0.0361392
    0.0385668    0.0357699
    0.0385896    0.0354333
    0.0386116    0.0351557
    0.0386332    0.0349486
    0.0386542    0.0348169
    0.0386749    0.0347037
    0.0386952    0.0346225
    0.0387152    0.0346456
     0.038735    0.0346688
    0.0387545    0.0346663
    0.0387739    0.0346283
     0.038793    0.0421377
    0.0388118    0.0420054
    0.0388304    0.0418609
    0.0388488     0.041693
    0.0388669    0.0415108
    0.0388848    0.0412986
    0.0389025    0.0410917
      0.03892    0.0408625
    0.0389373    0.0406319
    0.0389545    0.0404008
    0.0389716    0.0401723
    0.0389886    0.0399451
    0.0390057     0.039717
    0.0390228     0.039484
    0.0390399    0.0392412
    0.0390573    0.0389841
    0.0390748    0.0387116
    0.0390926    0.0384262
    0.0391106    0.0381323
    0.0391289    0.0378372
    0.0391475    0.0375481
    0.0391662    0.0372748
    0.0391851    0.0370183
    0.0392041    0.0367744
    0.0392233    0.0365336
    0.0392428    0.0367281
    0.0392626    0.0365007
    0.0392826    0.0362616
    0.0393028    0.0360217
    0.0393233    0.0390431
     0.039344    0.0373352
    0.0393649     0.035748
     0.039386    0.0351263
    0.0394074    0.0348996
    0.0394289    0.0346643
    0.0394507    0.0344221
    0.0394728     0.034185
    0.0394951    0.0339704
    0.0395178    0.0337924
    0.0395409    0.0336596
    0.0395643    0.0380065
    0.0395881    0.0378971
    0.0396124    0.0420779
    0.0396374    0.0430638
    0.0396623    0.0438648
     0.039687    0.0444562
    0.0397118    0.0449137
    0.0397366     0.045232
    0.0397616    0.0454259
    0.0397869    0.0455769
    0.0398125    0.0457086
    0.0398385    0.0458544
     0.039865    0.0459969
    0.0398923    0.0461224
    0.0399203    0.0461813
    0.0399493    0.0431362
    0.0399794    0.0401255
    0.0400108    0.0380389
    0.0400436    0.0379005
    0.0400772    0.0391456
     0.040111    0.0402197
    0.0401439    0.0403132
    0.0401759    0.0396947
    0.0402069    0.0389239
    0.0402367    0.0383154
    0.0402653    0.0379186
    0.0402925    0.0376025
    0.0403185    0.0372687
    0.0403434     0.036883
    0.0403671     0.036475
    0.0403899    0.0360906
     0.040412    0.0357614
    0.0404334    0.0355028
    0.0404542    0.0353103
    0.0404745    0.0351662
    0.0404944    0.0350481
    0.0405139    0.0350473
     0.040533    0.0350865
    0.0405519    0.0351123
    0.0405705    0.0351104
    0.0405889    0.0350636
    0.0406071     0.041029
     0.040625    0.0409081
    0.0406428     0.040771
    0.0406604    0.0406196
    0.0406779    0.0404508
    0.0406952    0.0402745
    0.0407123    0.0400953
    0.0407294     0.039899
    0.0407463     0.039695
    0.0407632    0.0394913
      0.04078    0.0392919
    0.0407968    0.0390973
    0.0408137    0.0389049
    0.0408306    0.0387098
    0.0408477    0.0385063
     0.040865    0.0382896
    0.0408825    0.0380587
    0.0409002    0.0378147
    0.0409182    0.0375626
    0.0409366    0.0373094
    0.0409551    0.0370663
    0.0409736    0.0368412
    0.0409924    0.0366352
    0.0410112     0.036445
    0.0410303    0.0362606
    0.0410497    0.0360666
    0.0410692    0.0358488
     0.041089    0.0355973
    0.0411091    0.0353222
    0.0411294    0.0390726
    0.0411499    0.0374173
    0.0411706    0.0358649
    0.0411915    0.0345468
    0.0412127    0.0343873
    0.0412341    0.0342134
    0.0412556    0.0340285
    0.0412775    0.0338395
    0.0412996    0.0336626
    0.0413221    0.0335178
     0.041345    0.0335205
    0.0413682    0.0377871
    0.0413918    0.0376939
     0.041416    0.0420796
    0.0414408    0.0430004
    0.0414655    0.0437758
      0.04149    0.0443566
    0.0415144    0.0448295
    0.0415388    0.0451661
    0.0415634    0.0453757
    0.0415882    0.0455454
    0.0416133    0.0457056
    0.0416387    0.0458715
    0.0416645    0.0460409
    0.0416909    0.0462201
    0.0417179    0.0463496
    0.0417457    0.0435982
    0.0417746     0.040772
    0.0418046    0.0386321
    0.0418358    0.0381922
    0.0418679    0.0392237
    0.0419006    0.0404287
     0.041933    0.0408016
    0.0419646     0.040352
    0.0419954    0.0395785
    0.0420252    0.0388747
    0.0420536    0.0383737
    0.0420808     0.038001
    0.0421066    0.0376483
    0.0421312    0.0372653
    0.0421548    0.0368511
    0.0421776    0.0364441
    0.0421996    0.0360797
    0.0422209     0.035782
    0.0422417    0.0355568
     0.042262     0.035387
    0.0422819    0.0352462
    0.0423015    0.0351273
    0.0423208    0.0351298
    0.0423397    0.0351636
    0.0423585    0.0351783
     0.042377     0.035163
    0.0423952    0.0409913
    0.0424133    0.0408869
    0.0424311    0.0407698
    0.0424488    0.0406377
    0.0424663    0.0404879
    0.0424836    0.0403262
    0.0425008     0.040156
    0.0425178    0.0399927
    0.0425346    0.0398152
    0.0425514    0.0396315
    0.0425681    0.0394461
    0.0425847    0.0392621
    0.0426013    0.0390793
     0.042618    0.0388959
    0.0426347    0.0387082
    0.0426516    0.0385127
    0.0426686    0.0383067
    0.0426859    0.0380906
    0.0427034    0.0378673
    0.0427212    0.0376417
    0.0427393    0.0374198
    0.0427577    0.0372101
    0.0427761    0.0370193
    0.0427947    0.0368475
    0.0428134    0.0366894
    0.0428325    0.0365337
    0.0428517    0.0363661
    0.0428712    0.0361723
    0.0428909    0.0359409
    0.0429109    0.0356829
    0.0429311    0.0393661
    0.0429515    0.0377305
    0.0429721    0.0362032
    0.0429929    0.0347856
    0.0430139    0.0345863
    0.0430351    0.0344131
    0.0430566    0.0342278
    0.0430783     0.034043
    0.0431003    0.0338719
    0.0431227    0.0337312
    0.0431454    0.0336342
    0.0431684    0.0375246
    0.0431919    0.0374674
    0.0432159    0.0419291
    0.0432401    0.0428681
     0.043264    0.0436855
    0.0432877    0.0443221
    0.0433114    0.0448327
    0.0433351    0.0452181
    0.0433589    0.0454534
    0.0433829    0.0456156
    0.0434073    0.0457741
     0.043432    0.0459386
     0.043457    0.0461023
    0.0434826    0.0462792
    0.0435088    0.0464396
    0.0435356    0.0438929
    0.0435632    0.0411926
    0.0435918    0.0389728
    0.0436215    0.0382079
     0.043652    0.0389214
    0.0436831    0.0401232
    0.0437142    0.0407617
    0.0437449    0.0405931
     0.043775    0.0399234
    0.0438041    0.0391726
    0.0438321    0.0385735
    0.0438592    0.0381419
    0.0438852    0.0377777
    0.0439102    0.0374136
    0.0439344    0.0370191
    0.0439577    0.0366142
    0.0439803     0.036232
    0.0440022    0.0359013
    0.0440235    0.0356356
    0.0440444    0.0354303
    0.0440649    0.0352629
     0.044085    0.0351101
    0.0441048    0.0349497
    0.0441243    0.0349371
    0.0441436    0.0349701
    0.0441626    0.0349806
    0.0441815     0.034941
    0.0442003    0.0409822
    0.0442189     0.040868
    0.0442372    0.0407349
    0.0442554    0.0405886
    0.0442734    0.0404195
    0.0442912     0.040244
    0.0443088    0.0400625
    0.0443263    0.0398768
    0.0443436    0.0396887
    0.0443608    0.0395038
    0.0443779    0.0393229
    0.0443949    0.0391426
    0.0444119    0.0389599
     0.044429    0.0387707
    0.0444462    0.0385724
    0.0444635    0.0383624
    0.0444809    0.0381428
    0.0444986    0.0379164
    0.0445165    0.0376887
    0.0445348    0.0374654
    0.0445532    0.0372551
    0.0445717     0.037063
    0.0445903    0.0368903
    0.0446091    0.0367301
    0.0446281    0.0365724
    0.0446472    0.0364038
    0.0446667    0.0362104
    0.0446864    0.0359832
    0.0447064    0.0357288
    0.0447266    0.0396102
     0.044747    0.0379774
    0.0447677    0.0364393
    0.0447886    0.0349955
    0.0448098    0.0346847
    0.0448312    0.0345217
    0.0448528    0.0343428
    0.0448747    0.0341613
    0.0448969    0.0339903
    0.0449194    0.0338457
    0.0449421    0.0337379
    0.0449653    0.0375172
     0.044989    0.0374557
     0.045013    0.0417759
    0.0450372    0.0427461
     0.045061    0.0435846
    0.0450847    0.0442608
    0.0451082    0.0447832
    0.0451317    0.0451834
    0.0451553    0.0454154
    0.0451792    0.0455364
    0.0452033    0.0456649
    0.0452276     0.045813
    0.0452524    0.0459645
    0.0452775    0.0461233
    0.0453032    0.0462896
    0.0453294    0.0438592
    0.0453562      0.04124
    0.0453839     0.039003
    0.0454124    0.0380659
    0.0454418    0.0385638
    0.0454718    0.0397015
    0.0455022    0.0404894
    0.0455323    0.0404982
    0.0455621     0.039907
    0.0455911    0.0391282
    0.0456192    0.0384585
    0.0456464    0.0379771
    0.0456728    0.0376063
    0.0456981    0.0372564
    0.0457226    0.0368904
    0.0457462    0.0365059
    0.0457691    0.0361301
    0.0457912    0.0357932
    0.0458128    0.0355159
    0.0458338    0.0352972
    0.0458545    0.0351328
    0.0458747    0.0349863
    0.0458946    0.0348563
    0.0459142    0.0346857
    0.0459335    0.0347374
    0.0459526    0.0347486
    0.0459715    0.0347441
    0.0459903    0.0412792
    0.0460087    0.0411629
    0.0460271     0.041029
    0.0460452    0.0408831
    0.0460631    0.0407183
    0.0460808    0.0405436
    0.0460984    0.0403626
    0.0461158     0.040167
    0.0461331    0.0399802
    0.0461502    0.0397889
    0.0461672    0.0395983
    0.0461842    0.0394093
    0.0462011    0.0392205
    0.0462181     0.039029
    0.0462351    0.0388298
    0.0462523    0.0386186
    0.0462697    0.0383943
    0.0462872    0.0381599
     0.046305    0.0379189
     0.046323    0.0376786
    0.0463414    0.0374454
    0.0463598      0.03723
    0.0463784     0.037035
    0.0463972    0.0368565
     0.046416    0.0366872
    0.0464351    0.0365135
    0.0464545    0.0363201
    0.0464741    0.0360962
    0.0464939    0.0358422
    0.0465139    0.0404331
    0.0465342    0.0389646
    0.0465547    0.0373765
    0.0465754    0.0358834
    0.0465965    0.0348632
    0.0466177    0.0346887
    0.0466391     0.034496
    0.0466608    0.0342916
    0.0466828    0.0340911
     0.046705    0.0339091
    0.0467276    0.0337596
    0.0467505    0.0336496
    0.0467739    0.0375695
    0.0467976    0.0374734
    0.0468217    0.0419094
    0.0468456    0.0428554
    0.0468691      0.04368
    0.0468925    0.0442879
    0.0469158    0.0447511
    0.0469394    0.0450592
    0.0469631    0.0452205
     0.046987    0.0452878
    0.0470111     0.045374
    0.0470356    0.0454889
    0.0470605    0.0456207
    0.0470859    0.0457698
    0.0471117     0.045919
    0.0471382    0.0434648
    0.0471654    0.0408354
    0.0471935    0.0386326
    0.0472224    0.0377848
    0.0472523    0.0383878
    0.0472828    0.0395723
    0.0473137     0.040344
    0.0473442    0.0402952
    0.0473744    0.0396666
    0.0474039    0.0388839
    0.0474324     0.038228
      0.04746    0.0377598
    0.0474865    0.0373798
    0.0475121     0.037043
    0.0475368    0.0366637
    0.0475605    0.0362666
    0.0475835    0.0358878
    0.0476056    0.0355487
    0.0476272    0.0352801
    0.0476482    0.0350793
    0.0476688    0.0349255
    0.0476889    0.0347846
    0.0477087    0.0346433
    0.0477283    0.0345037
    0.0477475    0.0345489
    0.0477666    0.0345777
    0.0477854    0.0345508
     0.047804    0.0411521
    0.0478223    0.0410303
    0.0478404    0.0408929
    0.0478584    0.0407453
    0.0478761    0.0405778
    0.0478937     0.040405
    0.0479111    0.0402274
    0.0479284     0.040032
    0.0479455    0.0398302
    0.0479626    0.0396293
    0.0479796    0.0394371
    0.0479966    0.0392483
    0.0480135    0.0390606
    0.0480305    0.0388702
    0.0480475     0.038673
    0.0480646    0.0384633
    0.0480819    0.0382399
    0.0480993    0.0380054
    0.0481171    0.0377623
     0.048135    0.0375203
    0.0481533    0.0372843
    0.0481716    0.0370658
    0.0481901    0.0368641
    0.0482087    0.0366765
    0.0482276    0.0364942
    0.0482466    0.0363049
    0.0482659    0.0360951
    0.0482854    0.0358625
    0.0483051    0.0356928
     0.048325    0.0355213
    0.0483452      0.03899
    0.0483657    0.0373729
    0.0483863    0.0358524
    0.0484073    0.0348193
    0.0484283    0.0346178
    0.0484495    0.0344015
     0.048471    0.0341798
    0.0484929    0.0339655
     0.048515    0.0337726
    0.0485375     0.033612
      0.04856    0.0334917
    0.0485833    0.0376754
    0.0486069    0.0375827
    0.0486305    0.0414256
    0.0486545    0.0424165
    0.0486781    0.0432466
    0.0487017    0.0438919
    0.0487253    0.0443958
    0.0487489    0.0447749
    0.0487725    0.0450014
    0.0487966    0.0451122
    0.0488207     0.045198
    0.0488447    0.0453036
    0.0488693    0.0454281
    0.0488944    0.0455386
    0.0489196    0.0456312
    0.0489453    0.0457191
    0.0489717    0.0432439
    0.0489995    0.0405336
     0.049028    0.0383065
    0.0490575    0.0375156
    0.0490879    0.0382084
    0.0491194    0.0394495
    0.0491508    0.0401273
    0.0491811    0.0399462
    0.0492115    0.0392918
    0.0492407    0.0385207
    0.0492688    0.0379078
    0.0492959    0.0374622
     0.049322    0.0370919
    0.0493471    0.0367207
    0.0493712    0.0363199
    0.0493945      0.03593
     0.049417    0.0355633
    0.0494394    0.0352641
    0.0494609    0.0349985
    0.0494817    0.0348016
    0.0495024    0.0346737
    0.0495223    0.0345332
    0.0495422    0.0344272
    0.0495613    0.0343701
    0.0495804    0.0344362
    0.0495994    0.0344261
    0.0496176    0.0343583
    0.0496359    0.0407973
    0.0496541    0.0406868
    0.0496723    0.0405586
    0.0496895    0.0404258
    0.0497068    0.0402687
     0.049724    0.0401065
    0.0497413    0.0399353
    0.0497585    0.0397457
    0.0497758    0.0395459
    0.0497918    0.0393603
    0.0498078    0.0391785
    0.0498238    0.0390003
    0.0498398    0.0388221
    0.0498558    0.0386413
    0.0498719    0.0384547
    0.0498879    0.0382594
    0.0499039     0.038053
    0.0499199    0.0378363
    0.0499359    0.0376121
    0.0499519    0.0373849
     0.049968    0.0371601
     0.049984    0.0369431
         0.05    0.0367379
