#        Time  min max
            1      32.7185       69.742
            2      31.7672       66.526
            3      31.3856      63.8233
            4      31.4088      61.5648
            5      31.4797      59.2748
            6       31.608      57.1701
            7      31.6908      55.1558
            8      31.7498      53.2963
            9      31.7795      51.6315
           10       31.811      50.5981
           11       31.848      49.9974
           12      31.8708      49.4809
           13      31.7255      48.9647
           14      31.6057      48.4976
           15      31.5033      48.2553
           16      31.4156      48.0251
           17      31.3413      47.8178
           18      31.2785      47.6701
           19      31.2257      47.5638
           20      31.1811      47.4713
           21      31.1437      47.3934
           22       31.112       47.373
           23      31.0856      47.4023
           24      31.0634      47.4236
           25      31.0445      47.4388
           26      31.0283      47.4496
           27      31.0143      47.4574
           28      31.0022      47.4631
           29      30.9917      47.4704
           30      30.9826      47.4875
           31      30.9746      47.5017
           32      30.9677      47.5137
           33      30.9616      47.5239
           34      30.9564      47.5327
           35      30.9524      47.5405
           36       30.948       47.547
           37      30.9449      47.5528
           38      30.9418      47.5578
           39      30.9394      47.5622
           40      30.9373      47.5662
           41      30.9355      47.5697
           42       30.934      47.5728
           43      30.9328      47.5755
           44      30.9317       47.578
           45      30.9309      47.5801
           46      30.9302       47.582
           47      30.9296      47.5837
           48      30.9292      47.5852
           49      30.9288      47.5866
           50      30.9285      47.5877
           51      30.9283      47.5888
           52      30.9281      47.5897
           53       30.928      47.5905
           54      30.9279      47.5912
           55      30.9278      47.5919
           56      30.9278      47.5925
           57      30.9277      47.5929
           58      30.9277      47.5934
           59      30.9277      47.5938
           60      30.9277      47.5941
           61      30.9278      47.5944
           62      30.9278      47.5947
           63      30.9278      47.5949
           64      30.9278      47.5951
           65      30.9278      47.5953
           66      30.9279      47.5955
           67      30.9279      47.5956
           68      30.9279      47.5957
           69      30.9279      47.5958
           70      30.9279      47.5959
           71       30.928       47.596
           72       30.928      47.5961
           73       30.928      47.5961
           74       30.928      47.5962
           75       30.928      47.5962
           76       30.928      47.5963
           77      30.9281      47.5963
           78      30.9281      47.5963
           79      30.9281      47.5963
           80      30.9281      47.5964
           81      30.9281      47.5964
           82      30.9281      47.5964
           83      30.9281      47.5964
           84      30.9281      47.5964
           85      30.9281      47.5964
           86      30.9281      47.5965
           87      30.9281      47.5965
           88      30.9281      47.5965
           89      30.9281      47.5965
           90      30.9281      47.5965
           91      30.9281      47.5965
           92      30.9281      47.5965
           93      30.9281      47.5965
           94      30.9281      47.5965
           95      30.9281      47.5965
           96      30.9281      47.5965
           97      30.9281      47.5965
           98      30.9281      47.5965
           99      30.9281      47.5965
          100      30.9281      47.5965
