#        Time  min max
            1      32.0564      50.9486
            2      32.3981      49.6242
            3      32.2971       48.542
            4       32.288      47.6745
            5      32.3138      46.8957
            6      32.2995      46.1222
            7      32.2901      45.3457
            8      32.2911      44.4657
            9       32.318      43.3757
           10      32.3761      42.0633
           11        32.46      40.6313
           12      32.5527      39.2138
           13      32.6434      37.9217
           14      32.7241      36.8129
           15      32.7927      35.9076
           16      32.8508       35.279
           17      32.6829      35.3338
           18      32.3817      35.4171
           19      31.8622      35.4698
           20      31.4259      35.4903
           21       31.051      35.4804
           22      30.7214      35.4426
           23      30.4257      35.3797
           24      30.1556      35.2955
           25      29.9067      35.1937
           26      29.6766      35.0789
           27      29.4637       35.002
           28      29.2684      34.9203
           29      29.0906      34.8339
           30      28.9301      34.7809
           31      28.7863      34.7444
           32      28.6583      34.7111
           33       28.545      34.6799
           34      28.4452      34.6459
           35      28.3576      34.6099
           36      28.2811      34.5727
           37      28.2141      34.5351
           38      28.1561      34.5184
           39      28.1054       34.502
           40      28.0613      34.4847
           41      28.0231      34.4668
           42      27.9899      34.4487
           43      27.9611      34.4309
           44      27.9362      34.4135
           45      27.9147      34.3983
           46      27.8961      34.3902
           47      27.8801      34.3821
           48      27.8663      34.3741
           49      27.8545      34.3664
           50      27.8443      34.3589
           51      27.8357      34.3519
           52      27.8282      34.3453
           53      27.8219      34.3392
           54      27.8165      34.3335
           55      27.8119      34.3285
           56       27.808      34.3257
           57      27.8047      34.3234
           58      27.8018      34.3212
           59      27.7994      34.3191
           60      27.7974      34.3172
           61      27.7957      34.3154
           62      27.7943      34.3138
           63      27.7931      34.3123
           64       27.792      34.3109
           65      27.7912      34.3097
           66      27.7905      34.3086
           67      27.7899      34.3076
           68      27.7894      34.3066
           69      27.7889      34.3058
           70      27.7886      34.3051
           71      27.7883      34.3044
           72       27.788      34.3038
           73      27.7878      34.3033
           74      27.7877      34.3028
           75      27.7875      34.3024
           76      27.7874       34.302
           77      27.7873      34.3017
           78      27.7872      34.3014
           79      27.7872      34.3011
           80      27.7871      34.3009
           81      27.7871      34.3007
           82       27.787      34.3005
           83       27.787      34.3004
           84       27.787      34.3002
           85       27.787      34.3001
           86      27.7869         34.3
           87      27.7869      34.2999
           88      27.7869      34.2998
           89      27.7869      34.2997
           90      27.7869      34.2997
           91      27.7869      34.2996
           92      27.7869      34.2996
           93      27.7869      34.2995
           94      27.7869      34.2995
           95      27.7869      34.2995
           96      27.7869      34.2994
           97      27.7869      34.2994
           98      27.7869      34.2994
           99      27.7869      34.2994
          100      27.7869      34.2994
