#        Time  sum
            1    0.0998026
            2     0.100269
            3    0.0997678
            4    0.0998259
            5    0.0999264
            6    0.0999635
            7    0.0999765
            8    0.0999833
            9    0.0999888
           10    0.0999932
           11    0.0999976
           12     0.100003
           13    0.0999983
           14     0.100001
           15     0.100001
           16     0.100001
           17     0.100001
           18          0.1
           19          0.1
           20    0.0999998
           21    0.0999996
           22    0.0999994
           23    0.0999994
           24    0.0999993
           25    0.0999993
           26    0.0999994
           27    0.0999995
           28    0.0999995
           29    0.0999996
           30    0.0999997
           31    0.0999998
           32    0.0999999
           33          0.1
           34          0.1
           35          0.1
           36          0.1
           37          0.1
           38          0.1
           39          0.1
           40          0.1
           41          0.1
           42          0.1
           43          0.1
           44          0.1
           45          0.1
           46          0.1
           47          0.1
           48          0.1
           49          0.1
           50          0.1
           51          0.1
           52          0.1
           53          0.1
           54          0.1
           55          0.1
           56          0.1
           57          0.1
           58          0.1
           59          0.1
           60          0.1
           61          0.1
           62          0.1
           63          0.1
           64          0.1
           65          0.1
           66          0.1
           67          0.1
           68          0.1
           69          0.1
           70          0.1
           71          0.1
           72          0.1
           73          0.1
           74          0.1
           75          0.1
           76          0.1
           77          0.1
           78          0.1
           79          0.1
           80          0.1
           81          0.1
           82          0.1
           83          0.1
           84          0.1
           85          0.1
           86          0.1
           87          0.1
           88          0.1
           89          0.1
           90          0.1
           91          0.1
           92          0.1
           93          0.1
           94          0.1
           95          0.1
           96          0.1
           97          0.1
           98          0.1
           99          0.1
          100          0.1
