#        Time  min max
   1.1999e-05        0.008   0.00800599
  2.63965e-05   0.00799885   0.00801067
  3.92103e-05   0.00799756   0.00801643
  5.35751e-05   0.00799641   0.00802799
  7.01081e-05   0.00799581   0.00803239
  8.78138e-05   0.00799419   0.00804069
  0.000101174   0.00799277   0.00804859
  0.000112225   0.00799176   0.00805192
  0.000122565   0.00799051   0.00805449
  0.000133375   0.00798911   0.00805697
  0.000145316   0.00798783   0.00805957
  0.000158643   0.00798682   0.00806242
   0.00017353   0.00798603   0.00806572
  0.000188861   0.00798444   0.00806953
  0.000203685   0.00798263   0.00807724
  0.000218019   0.00798054   0.00808094
   0.00023029   0.00797841   0.00808198
  0.000241527    0.0079765   0.00808492
  0.000252226   0.00797448   0.00808675
  0.000262723     0.007973   0.00809061
  0.000273308   0.00797175   0.00809781
  0.000284275   0.00797073   0.00810047
  0.000295982   0.00796973   0.00810208
  0.000308818   0.00796848    0.0081038
  0.000323102   0.00796643   0.00810572
  0.000337939    0.0079648   0.00810778
   0.00035246   0.00796357   0.00810992
  0.000366613   0.00796245   0.00811211
  0.000380354   0.00796131   0.00811434
  0.000393668   0.00795958   0.00811667
  0.000406576   0.00795766    0.0081191
    0.0004191   0.00795548   0.00812558
  0.000431279    0.0079525   0.00812775
  0.000443171    0.0079496   0.00812999
  0.000454851   0.00794645   0.00813199
  0.000466397   0.00794345   0.00813202
  0.000477898   0.00794045   0.00813416
  0.000489471   0.00793735   0.00813619
  0.000501246   0.00793412   0.00813753
  0.000513378   0.00793048   0.00814083
  0.000526063   0.00792635   0.00814754
  0.000539533   0.00792172   0.00815087
  0.000553853   0.00791723   0.00815227
  0.000568231   0.00791366   0.00815371
  0.000582642   0.00791012   0.00815522
  0.000596999   0.00790752   0.00815682
  0.000611208   0.00790531   0.00815852
  0.000625195   0.00790341   0.00816032
  0.000638918   0.00790175   0.00816224
  0.000652397   0.00790029   0.00816429
  0.000665706   0.00789879   0.00816653
  0.000678946   0.00789741   0.00816901
   0.00069228   0.00789616   0.00817571
   0.00070592   0.00789501   0.00817835
   0.00072015   0.00789394   0.00818119
  0.000735308   0.00789292   0.00818222
  0.000751058   0.00789201   0.00818553
  0.000766516   0.00789123   0.00818794
  0.000781471   0.00789058   0.00819594
  0.000796301   0.00789003    0.0082009
  0.000811279   0.00788956   0.00820329
  0.000826646   0.00788916    0.0082049
  0.000842668   0.00788883   0.00820649
  0.000859142   0.00788858   0.00820799
  0.000875495   0.00788842   0.00820941
  0.000891864   0.00788833   0.00821074
  0.000908377   0.00788832     0.008212
  0.000925143   0.00788838   0.00821318
   0.00094226   0.00788852   0.00821428
  0.000959818   0.00788875   0.00821529
  0.000977921   0.00788907   0.00821617
  0.000996675   0.00788948   0.00821692
   0.00101624   0.00788998   0.00821748
   0.00103681   0.00789057   0.00821783
   0.00105868   0.00789124   0.00821795
   0.00108156   0.00789197   0.00821771
   0.00110556   0.00789276   0.00821708
   0.00113149   0.00789361   0.00821606
   0.00115806   0.00789448   0.00821463
   0.00118405   0.00789536   0.00821275
   0.00120873   0.00789626   0.00821075
   0.00123233   0.00789722   0.00820875
   0.00125566   0.00789828   0.00820649
   0.00127979   0.00789955   0.00820404
   0.00130582   0.00790093   0.00820105
   0.00133379   0.00790255   0.00818959
    0.0013622   0.00790446   0.00818491
   0.00139007   0.00790663   0.00818193
   0.00141701   0.00790907   0.00817696
   0.00144648   0.00791219   0.00816629
   0.00147667   0.00791632   0.00816084
   0.00150276   0.00792028   0.00815686
   0.00152604   0.00792457   0.00815369
   0.00154793   0.00792901   0.00815093
   0.00156937   0.00793291   0.00814552
   0.00159089   0.00793655   0.00813719
   0.00161269   0.00794018   0.00813304
   0.00163476   0.00794376   0.00813148
   0.00165689   0.00794729   0.00812811
   0.00167886   0.00795066    0.0081201
   0.00170059   0.00795356   0.00811671
    0.0017222    0.0079564   0.00811399
   0.00174382   0.00795926   0.00811146
   0.00176545   0.00796214   0.00810902
   0.00178663   0.00796501   0.00810674
   0.00180641   0.00796762   0.00810479
   0.00182589   0.00797016   0.00810299
   0.00184572   0.00797267    0.0081013
   0.00186648    0.0079752   0.00809951
    0.0018862   0.00797722    0.0080972
   0.00190561   0.00797879   0.00809126
   0.00192524   0.00798011   0.00808829
   0.00194577   0.00798122   0.00808536
   0.00196835   0.00798211   0.00808434
   0.00199354   0.00798276   0.00808257
   0.00202155    0.0079832   0.00808117
   0.00205284   0.00798316   0.00808251
   0.00208805   0.00798253   0.00808216
   0.00212794   0.00798111   0.00808035
   0.00216319   0.00797927   0.00808218
   0.00219734   0.00797706   0.00808484
   0.00222844   0.00797471   0.00808754
   0.00225002   0.00797272   0.00809097
   0.00227064   0.00797077   0.00809771
    0.0022913   0.00796879   0.00810063
   0.00231256   0.00796673   0.00810259
   0.00233382   0.00796466    0.0081047
   0.00235371    0.0079627   0.00810687
   0.00237278   0.00796067   0.00810912
   0.00239123   0.00795885   0.00811148
   0.00240929   0.00795709   0.00811395
   0.00242717   0.00795536    0.0081166
   0.00244348    0.0079538   0.00811925
   0.00245876   0.00795235   0.00812582
   0.00247337   0.00795097   0.00812807
   0.00248758   0.00794956   0.00813029
   0.00250163     0.007948   0.00813226
   0.00251573   0.00794645   0.00813236
   0.00253006   0.00794489    0.0081345
   0.00254487   0.00794327   0.00813657
    0.0025604   0.00794156   0.00813837
    0.0025765   0.00793979   0.00814156
   0.00259259     0.007938   0.00814872
   0.00260885   0.00793618   0.00815126
   0.00262537    0.0079344    0.0081525
    0.0026422    0.0079325   0.00815374
   0.00265938   0.00793054     0.008155
   0.00267687   0.00792854   0.00815631
   0.00269461   0.00792649   0.00815766
   0.00271253    0.0079244   0.00815905
   0.00273052   0.00792235   0.00816047
   0.00274855   0.00792029    0.0081619
   0.00276667   0.00791851   0.00816335
   0.00278494   0.00791693    0.0081648
   0.00280358   0.00791552   0.00816627
   0.00282279   0.00791427   0.00816775
   0.00284281   0.00791318   0.00816925
   0.00286392   0.00791173   0.00817008
   0.00288642   0.00791093   0.00817613
   0.00291072   0.00791029   0.00817734
   0.00293606   0.00790983   0.00817837
   0.00296227   0.00790953    0.0081793
   0.00298992   0.00790941   0.00818001
   0.00301838   0.00790948   0.00818045
   0.00304798   0.00790976   0.00818061
   0.00307924   0.00791035   0.00818051
   0.00311287   0.00791132   0.00818007
    0.0031502   0.00791311   0.00817929
   0.00319166     0.007915   0.00817813
   0.00323174   0.00791707   0.00817652
    0.0032668   0.00791911   0.00817038
   0.00329946   0.00792128   0.00816802
   0.00332722   0.00792347    0.0081658
    0.0033533   0.00792583   0.00816358
   0.00337867   0.00792805   0.00816161
   0.00340378   0.00793024   0.00815975
   0.00342878   0.00793242   0.00815785
   0.00345372    0.0079346   0.00815593
   0.00347859   0.00793667   0.00815403
   0.00350329   0.00793881   0.00815219
   0.00352768   0.00794093   0.00815041
   0.00355174   0.00794301   0.00814719
   0.00357596    0.0079451    0.0081398
   0.00360035    0.0079472   0.00813657
   0.00362481   0.00794928   0.00813385
   0.00364917   0.00795114   0.00813127
   0.00367335   0.00795282   0.00813149
   0.00369743   0.00795444   0.00812969
   0.00372171   0.00795602    0.0081279
   0.00374674   0.00795758   0.00812603
   0.00376848   0.00795888    0.0081197
   0.00378783   0.00795998   0.00811794
   0.00380586   0.00796097   0.00811663
   0.00382316   0.00796188   0.00811547
   0.00384008   0.00796291   0.00811439
   0.00385688   0.00796373   0.00811339
   0.00387369   0.00796452   0.00811245
   0.00389073   0.00796528   0.00811157
   0.00390819   0.00796603   0.00811075
   0.00392627   0.00796676   0.00810999
   0.00394521   0.00796745   0.00810931
    0.0039653   0.00796809   0.00810871
   0.00398688   0.00796866   0.00810821
   0.00401028   0.00796909   0.00810782
   0.00403575   0.00796932    0.0081076
   0.00406236    0.0079693    0.0081076
   0.00408989   0.00796903   0.00810793
   0.00411828   0.00796848   0.00810857
   0.00414719   0.00796765   0.00810945
   0.00417501   0.00796666   0.00811048
   0.00420092   0.00796563    0.0081116
   0.00422511   0.00796461   0.00811278
    0.0042479   0.00796362   0.00811404
   0.00426958   0.00796249   0.00811535
   0.00429039   0.00796155   0.00811672
   0.00431051   0.00796062   0.00811814
   0.00433013   0.00795969   0.00811958
   0.00434941   0.00795876   0.00812049
   0.00436849   0.00795782   0.00812655
   0.00438754   0.00795687   0.00812796
   0.00440665    0.0079559   0.00812962
   0.00442595   0.00795492   0.00813125
   0.00444558   0.00795391   0.00813078
   0.00446568    0.0079529   0.00813279
   0.00448631   0.00795186   0.00813481
   0.00450665   0.00795087   0.00813675
    0.0045268   0.00794989   0.00813834
   0.00454685   0.00794878   0.00814122
   0.00456689   0.00794773   0.00814786
   0.00458698   0.00794672   0.00815072
    0.0046072   0.00794577   0.00815185
   0.00462764   0.00794485   0.00815292
   0.00464833   0.00794398   0.00815398
   0.00466928   0.00794314   0.00815506
   0.00469042   0.00794235   0.00815614
   0.00471166   0.00794159   0.00815721
   0.00473289   0.00794087   0.00815825
   0.00475407    0.0079402   0.00815925
   0.00477518   0.00793958   0.00816018
   0.00479635   0.00793902   0.00816106
   0.00481743   0.00793854   0.00816187
   0.00483833   0.00793813   0.00816262
   0.00485927   0.00793781   0.00816332
   0.00488032   0.00793757   0.00816395
   0.00490155   0.00793743   0.00816451
   0.00492298   0.00793737     0.008165
   0.00494463    0.0079374    0.0081654
   0.00496648    0.0079375   0.00816572
   0.00498852   0.00793766   0.00816595
   0.00501076   0.00793787   0.00816607
   0.00503327   0.00793814    0.0081661
   0.00505618   0.00793848   0.00816603
   0.00507962    0.0079389   0.00816586
   0.00510389   0.00793939   0.00816555
   0.00512924   0.00793997   0.00816509
   0.00515587   0.00794064   0.00816446
   0.00518381    0.0079414   0.00816367
   0.00521291   0.00794225   0.00816271
   0.00524291    0.0079432   0.00816162
   0.00527363   0.00794424   0.00816041
   0.00530511   0.00794538   0.00815907
   0.00533754   0.00794662   0.00815758
   0.00537115     0.007948   0.00815628
   0.00540623   0.00794952   0.00815498
    0.0054422     0.007951   0.00815354
   0.00547717   0.00795244   0.00815221
   0.00551204   0.00795394   0.00815091
   0.00554732   0.00795551   0.00814946
   0.00558288    0.0079571   0.00814726
   0.00561752   0.00795863   0.00814402
   0.00565174   0.00796009   0.00813935
   0.00568666   0.00796151   0.00813702
   0.00572406   0.00796315   0.00813643
   0.00576017   0.00796439   0.00813542
   0.00579418   0.00796543   0.00813456
   0.00582656   0.00796632   0.00813382
   0.00585754   0.00796708    0.0081332
   0.00588721   0.00796773   0.00813273
   0.00591565   0.00796827   0.00813243
   0.00594306   0.00796871   0.00813232
   0.00596976   0.00796903   0.00813241
     0.005996   0.00796923   0.00813268
   0.00602201   0.00796931   0.00813311
   0.00604782   0.00796928   0.00813365
   0.00607355   0.00796912   0.00813429
   0.00609921   0.00796885   0.00813501
   0.00612482   0.00796845   0.00813582
   0.00615042   0.00796793   0.00813672
   0.00617608   0.00796732   0.00813716
   0.00620209   0.00796663   0.00813886
   0.00622883   0.00796587    0.0081405
   0.00625676   0.00796506   0.00814499
   0.00628622   0.00796419   0.00814709
   0.00631501   0.00796334   0.00814894
   0.00634345   0.00796227    0.0081504
   0.00637212   0.00796137   0.00815147
   0.00639897    0.0079605   0.00815253
   0.00642215   0.00795974   0.00815348
    0.0064431   0.00795907   0.00815434
   0.00646259   0.00795847   0.00815514
   0.00648109   0.00795793   0.00815588
   0.00649892   0.00795744    0.0081566
   0.00651632     0.007957   0.00815729
   0.00653344    0.0079566   0.00815795
    0.0065504   0.00795624   0.00815861
   0.00656724   0.00795592   0.00815924
   0.00658404   0.00795563   0.00815985
   0.00660084   0.00795537   0.00816044
   0.00661766   0.00795513     0.008161
    0.0066345   0.00795491   0.00816154
   0.00665125   0.00795471   0.00816206
   0.00666797   0.00795454   0.00816255
   0.00668467   0.00795438   0.00816303
   0.00670138   0.00795424   0.00816349
   0.00671814   0.00795412   0.00816393
   0.00673495   0.00795401   0.00816435
   0.00675185   0.00795391   0.00816476
   0.00676887   0.00795384   0.00816514
   0.00678605   0.00795378   0.00816551
   0.00680342   0.00795374   0.00816584
   0.00682101   0.00795373   0.00816616
   0.00683884   0.00795373   0.00816644
   0.00685691   0.00795377   0.00816669
   0.00687522   0.00795384    0.0081669
   0.00689378   0.00795393   0.00816708
   0.00691258   0.00795406   0.00816722
   0.00693165   0.00795422   0.00816733
   0.00695101   0.00795441   0.00816739
    0.0069707   0.00795463   0.00816741
   0.00699075   0.00795487    0.0081674
   0.00701125   0.00795515   0.00816733
   0.00703224   0.00795546   0.00816722
   0.00705374    0.0079558   0.00816705
   0.00707575    0.0079562   0.00816682
    0.0070978   0.00795663   0.00816654
   0.00711977   0.00795709   0.00816621
   0.00714154   0.00795758   0.00816585
   0.00716301   0.00795809   0.00816546
   0.00718411   0.00795862   0.00816504
   0.00720484   0.00795915    0.0081646
   0.00722521    0.0079597   0.00816415
   0.00724528   0.00796026   0.00816369
   0.00726509   0.00796084   0.00816322
   0.00728472   0.00796144   0.00816274
   0.00730423   0.00796207   0.00816226
   0.00732368   0.00796298   0.00816177
    0.0073431   0.00796365   0.00816128
   0.00736256   0.00796436   0.00816079
   0.00738209    0.0079651   0.00816031
   0.00740174   0.00796587   0.00815982
   0.00742151   0.00796668   0.00815935
    0.0074414   0.00796751   0.00815888
   0.00746146   0.00796836   0.00815842
   0.00748169   0.00796924   0.00815797
   0.00750208   0.00797014   0.00815754
   0.00752262   0.00797106   0.00815713
   0.00754329   0.00797198   0.00815688
   0.00756405   0.00797291   0.00815661
   0.00758488   0.00797386   0.00815635
   0.00760575   0.00797476    0.0081561
   0.00762661   0.00797571   0.00815586
   0.00764743   0.00797658   0.00815563
   0.00766818   0.00797728   0.00815542
   0.00768884   0.00797792   0.00815524
    0.0077094    0.0079785   0.00815508
   0.00772985   0.00797902   0.00815494
   0.00775021   0.00797948   0.00815484
   0.00777048   0.00797989   0.00815475
   0.00779072   0.00798025    0.0081547
   0.00781098   0.00798057   0.00815468
   0.00783129   0.00798084   0.00815468
   0.00785168   0.00798107   0.00815474
   0.00787219   0.00798126   0.00815484
   0.00789285   0.00798141   0.00815499
   0.00791369   0.00798153   0.00815519
   0.00793473   0.00798162   0.00815543
   0.00795602   0.00798168   0.00815572
   0.00797756   0.00798172   0.00815606
   0.00799882   0.00798172   0.00815642
   0.00801997   0.00798171   0.00815682
   0.00804112   0.00798168   0.00815725
   0.00806239   0.00798164    0.0081577
   0.00808385   0.00798158   0.00815818
   0.00810556   0.00798152   0.00815868
   0.00812747   0.00798143   0.00815921
   0.00814967   0.00798133   0.00815976
   0.00817223    0.0079812   0.00816034
   0.00819523   0.00798103   0.00816085
   0.00821871   0.00798082   0.00816141
   0.00824276   0.00798058   0.00816202
   0.00826746   0.00798031   0.00816268
   0.00829283   0.00798002   0.00816337
   0.00831872   0.00797971    0.0081641
    0.0083441   0.00797941   0.00816481
   0.00836894   0.00797913    0.0081655
   0.00839329   0.00797887   0.00816617
   0.00841718   0.00797863   0.00816683
   0.00844034    0.0079784   0.00816747
   0.00846292   0.00797819   0.00816809
   0.00848514   0.00797801    0.0081687
   0.00850711   0.00797787   0.00816929
   0.00852899   0.00797776   0.00816986
   0.00855086   0.00797769   0.00817042
   0.00857281   0.00797766   0.00817036
   0.00859496   0.00797765   0.00817091
   0.00861739   0.00797766   0.00817602
   0.00864016   0.00797768   0.00817646
     0.008663   0.00797772   0.00817688
   0.00868594   0.00797778   0.00817727
   0.00870902   0.00797788   0.00817763
   0.00873225   0.00797801   0.00817796
   0.00875565    0.0079782   0.00817826
   0.00877923   0.00797843   0.00817855
   0.00880302   0.00797869   0.00817885
   0.00882702   0.00797899   0.00817912
   0.00885127   0.00797931   0.00817935
   0.00887575   0.00797966   0.00817954
   0.00890044   0.00798003   0.00817969
   0.00892525   0.00798044   0.00817979
   0.00895013   0.00798087   0.00817986
     0.008975   0.00798133   0.00817991
   0.00899978   0.00798181   0.00817994
   0.00902447   0.00798231   0.00817995
   0.00904908   0.00798283   0.00817993
   0.00907369   0.00798336   0.00817989
   0.00909839   0.00798389   0.00817982
    0.0091233   0.00798445   0.00817973
   0.00914851   0.00798501   0.00817961
   0.00917409    0.0079856   0.00817947
   0.00920007   0.00798613    0.0081793
    0.0092264   0.00798674   0.00817912
   0.00925271   0.00798736   0.00817894
   0.00927858   0.00798797   0.00817875
   0.00930406   0.00798857   0.00817858
   0.00932919   0.00798915   0.00817841
   0.00935398   0.00798971   0.00817824
    0.0093785   0.00799025   0.00817809
   0.00940275   0.00799078   0.00817794
   0.00942674   0.00799128   0.00817781
    0.0094505   0.00799177   0.00817769
   0.00947402   0.00799224   0.00817759
   0.00949731   0.00799269   0.00817751
   0.00952042   0.00799312   0.00817745
   0.00954335   0.00799354   0.00817741
   0.00956614   0.00799393   0.00817739
   0.00958881   0.00799431   0.00817739
   0.00961136   0.00799466    0.0081774
    0.0096338   0.00799499   0.00817744
   0.00965612    0.0079953    0.0081775
   0.00967835   0.00799559   0.00817758
   0.00970053   0.00799586   0.00817767
   0.00972271   0.00799612   0.00817782
   0.00974496   0.00799635   0.00817801
   0.00976736   0.00799656   0.00817825
   0.00978998   0.00799676   0.00817853
   0.00981284   0.00799693   0.00817884
   0.00983599   0.00799709    0.0081792
   0.00985946   0.00799722   0.00817958
   0.00988337   0.00799733   0.00817999
   0.00990782   0.00799743   0.00818042
   0.00993294   0.00799751   0.00818087
   0.00995885   0.00799759   0.00818133
   0.00998562   0.00799766   0.00818181
    0.0100132   0.00799772    0.0081823
    0.0100414   0.00799777   0.00818281
    0.0100701   0.00799781   0.00818136
    0.0100991   0.00799784   0.00818206
    0.0101284   0.00799785   0.00818278
     0.010158   0.00799787   0.00818354
    0.0101879   0.00799789   0.00818431
    0.0102182   0.00799792   0.00818509
    0.0102489   0.00799795   0.00818588
    0.0102804   0.00799801   0.00818667
    0.0103126   0.00799808   0.00818662
    0.0103458   0.00799818   0.00818783
    0.0103801    0.0079983   0.00818912
    0.0104152   0.00799847   0.00819034
      0.01045   0.00799867    0.0081914
    0.0104847   0.00799889   0.00819539
    0.0105192   0.00799913   0.00819684
    0.0105537    0.0079994   0.00819809
    0.0105885    0.0079997   0.00819881
    0.0106241   0.00800003   0.00819948
    0.0106607   0.00800035   0.00820005
    0.0106988    0.0080007   0.00820037
    0.0107379   0.00800111   0.00820065
    0.0107777   0.00800155   0.00820088
    0.0108169   0.00800203   0.00820104
    0.0108554   0.00800254    0.0082012
    0.0108937   0.00800306   0.00820132
     0.010931   0.00800359   0.00820142
    0.0109667   0.00800412   0.00820149
    0.0110008   0.00800463   0.00820156
    0.0110337   0.00800512   0.00820161
    0.0110655    0.0080056   0.00820165
    0.0110963   0.00800606   0.00820169
    0.0111263   0.00800652   0.00820173
    0.0111557   0.00800697   0.00820177
    0.0111844   0.00800741    0.0082018
    0.0112125   0.00800786   0.00820185
    0.0112402   0.00800829   0.00820189
    0.0112675   0.00800873   0.00820195
    0.0112944   0.00800916   0.00820201
    0.0113212   0.00800958   0.00820209
    0.0113477      0.00801   0.00820218
    0.0113743   0.00801041   0.00820228
    0.0114009   0.00801082    0.0082024
    0.0114276   0.00801123   0.00820254
    0.0114546   0.00801163   0.00820269
    0.0114822   0.00801204   0.00820287
    0.0115103   0.00801246   0.00820307
    0.0115387   0.00801311   0.00820328
    0.0115669    0.0080135   0.00820351
    0.0115951   0.00801388   0.00820376
    0.0116235   0.00801425   0.00820401
    0.0116519   0.00801461   0.00820429
    0.0116806   0.00801497   0.00820458
    0.0117095   0.00801532   0.00820489
    0.0117378   0.00801565    0.0082052
    0.0117649   0.00801596   0.00820552
     0.011791   0.00801626   0.00820585
    0.0118162   0.00801653   0.00820617
    0.0118405   0.00801679   0.00820648
    0.0118637   0.00801702    0.0082068
    0.0118859   0.00801724    0.0082071
    0.0119073   0.00801745    0.0082074
    0.0119282   0.00801765   0.00820769
    0.0119486   0.00801784   0.00820798
    0.0119687   0.00801803   0.00820827
    0.0119885   0.00801822   0.00820856
    0.0120081    0.0080184   0.00820884
    0.0120275   0.00801859   0.00820912
    0.0120469   0.00801878    0.0082094
    0.0120661   0.00801896   0.00820968
    0.0120853   0.00801915   0.00820996
    0.0121044   0.00801935   0.00821024
    0.0121234   0.00801954   0.00821052
    0.0121424   0.00801974   0.00821079
    0.0121612   0.00801995   0.00821106
    0.0121799   0.00802016   0.00821133
    0.0121986   0.00802037   0.00821159
     0.012217   0.00802059   0.00821185
    0.0122354   0.00802081   0.00821211
    0.0122537   0.00802104   0.00821237
    0.0122718   0.00802127   0.00821263
    0.0122899   0.00802151   0.00821288
    0.0123078   0.00802176   0.00821313
    0.0123257   0.00802201   0.00821337
    0.0123435   0.00802227   0.00821362
    0.0123613   0.00802254   0.00821386
    0.0123791   0.00802287    0.0082141
    0.0123969   0.00802315   0.00821433
    0.0124147   0.00802344   0.00821457
    0.0124326   0.00802374    0.0082148
    0.0124505   0.00802405   0.00821502
    0.0124685   0.00802437   0.00821524
    0.0124867   0.00802471   0.00821546
    0.0125049   0.00802507   0.00821568
    0.0125233   0.00802542   0.00821589
    0.0125417   0.00802576    0.0082161
    0.0125604   0.00802611    0.0082163
    0.0125791   0.00802646   0.00821651
     0.012598   0.00802682   0.00821671
     0.012617   0.00802719   0.00821691
    0.0126361   0.00802756   0.00821711
    0.0126554   0.00802794    0.0082173
    0.0126748   0.00802832   0.00821749
    0.0126943   0.00802871   0.00821767
     0.012714    0.0080291   0.00821785
    0.0127339    0.0080295   0.00821803
    0.0127539   0.00802991    0.0082182
    0.0127742   0.00803032   0.00821837
    0.0127946   0.00803073   0.00821854
    0.0128153   0.00803115   0.00821871
    0.0128363   0.00803158   0.00821888
    0.0128575   0.00803201   0.00821904
    0.0128788   0.00803244   0.00821921
    0.0129003   0.00803288   0.00821937
     0.012922   0.00803331   0.00821954
    0.0129437   0.00803375    0.0082197
    0.0129656   0.00803418   0.00821986
    0.0129875   0.00803462   0.00822003
    0.0130096   0.00803505    0.0082202
    0.0130318   0.00803549   0.00822037
     0.013054   0.00803585   0.00822055
    0.0130764   0.00803628   0.00822074
    0.0130989   0.00803671   0.00822093
    0.0131215   0.00803714   0.00822054
    0.0131443   0.00803756   0.00822075
    0.0131672   0.00803798    0.0082256
    0.0131902    0.0080384    0.0082258
    0.0132134   0.00803881   0.00822599
    0.0132367   0.00803921    0.0082262
    0.0132601   0.00803961   0.00822641
    0.0132838      0.00804   0.00822663
    0.0133076   0.00804039   0.00822686
    0.0133316   0.00804078    0.0082271
    0.0133558   0.00804116   0.00822735
    0.0133803   0.00804154   0.00822761
     0.013405   0.00804191   0.00822788
    0.0134299   0.00804227   0.00822818
    0.0134551   0.00804263   0.00822853
    0.0134806   0.00804299   0.00822889
    0.0135064   0.00804334   0.00822926
    0.0135326   0.00804369   0.00822964
    0.0135593   0.00804403   0.00823003
    0.0135864   0.00804438   0.00823044
     0.013614   0.00804472   0.00823085
    0.0136421   0.00804506   0.00823127
    0.0136708    0.0080454   0.00823171
       0.0137   0.00804574   0.00823215
    0.0137298   0.00804608   0.00823261
    0.0137602   0.00804643   0.00823103
    0.0137913   0.00804677   0.00823163
     0.013823   0.00804712   0.00823225
    0.0138554   0.00804747   0.00823289
    0.0138887   0.00804783   0.00823354
    0.0139227    0.0080482    0.0082342
    0.0139576   0.00804858   0.00823487
    0.0139931   0.00804897   0.00823555
    0.0140293   0.00804938   0.00823623
    0.0140662    0.0080498   0.00823692
    0.0141041    0.0080502   0.00823685
    0.0141412   0.00805057   0.00823789
    0.0141773   0.00805093   0.00823894
    0.0142125    0.0080513   0.00823992
    0.0142471   0.00805166   0.00824082
    0.0142813   0.00805202   0.00824165
    0.0143153   0.00805238   0.00824552
    0.0143493   0.00805275   0.00824675
    0.0143833   0.00805313   0.00824767
    0.0144172   0.00805352   0.00824839
    0.0144513   0.00805393   0.00824908
    0.0144856   0.00805435   0.00824975
    0.0145203   0.00805479   0.00825021
    0.0145553   0.00805524   0.00825057
    0.0145903   0.00805571   0.00825091
    0.0146252   0.00805619   0.00825125
    0.0146594   0.00805669   0.00825158
    0.0146916   0.00805717   0.00825189
    0.0147223   0.00805763   0.00825218
    0.0147515   0.00805809   0.00825246
    0.0147796   0.00805853   0.00825272
    0.0148068   0.00805896   0.00825297
    0.0148331   0.00805938   0.00825322
    0.0148589   0.00805978   0.00825345
     0.014884   0.00806017   0.00825369
    0.0149088   0.00806056   0.00825392
    0.0149332   0.00806094   0.00825415
    0.0149573   0.00806133   0.00825437
    0.0149813   0.00806171    0.0082546
    0.0150051   0.00806209   0.00825483
    0.0150287   0.00806248   0.00825505
    0.0150522   0.00806311   0.00825528
    0.0150756   0.00806349   0.00825551
    0.0150989   0.00806388   0.00825573
    0.0151221   0.00806427   0.00825596
    0.0151451   0.00806465    0.0082562
    0.0151681   0.00806504   0.00825644
    0.0151908   0.00806543   0.00825668
    0.0152134   0.00806582   0.00825692
    0.0152357   0.00806621   0.00825717
    0.0152578    0.0080666   0.00825742
    0.0152797   0.00806699   0.00825768
    0.0153012   0.00806738   0.00825793
    0.0153225   0.00806777   0.00825819
    0.0153436   0.00806815   0.00825845
    0.0153643   0.00806854   0.00825871
    0.0153848   0.00806892   0.00825897
     0.015405   0.00806931   0.00825923
    0.0154249   0.00806969   0.00825949
    0.0154447   0.00807007   0.00825975
    0.0154641   0.00807045      0.00826
    0.0154834   0.00807083   0.00826026
    0.0155025   0.00807121   0.00826051
    0.0155214    0.0080716   0.00826076
    0.0155402   0.00807198   0.00826101
    0.0155588   0.00807236   0.00826127
    0.0155773   0.00807275   0.00826152
    0.0155957   0.00807318   0.00826177
     0.015614   0.00807356   0.00826202
    0.0156322   0.00807394   0.00826228
    0.0156504   0.00807432   0.00826253
    0.0156685   0.00807471   0.00826279
    0.0156866   0.00807512   0.00826305
    0.0157047   0.00807554   0.00826331
    0.0157228    0.0080759   0.00826357
    0.0157408   0.00807626   0.00826384
    0.0157589   0.00807662    0.0082641
     0.015777   0.00807697   0.00826437
    0.0157952   0.00807733   0.00826464
    0.0158134   0.00807768   0.00826492
    0.0158317   0.00807803   0.00826519
      0.01585   0.00807839   0.00826547
    0.0158685   0.00807874   0.00826575
    0.0158871    0.0080791   0.00826604
    0.0159058   0.00807945   0.00826632
    0.0159247   0.00807981   0.00826662
    0.0159438   0.00808018   0.00826691
     0.015963   0.00808054   0.00826721
    0.0159823   0.00808091   0.00826752
    0.0160018   0.00808128   0.00826783
    0.0160215   0.00808165   0.00826815
    0.0160413   0.00808202   0.00826847
    0.0160612   0.00808239    0.0082688
    0.0160812   0.00808276   0.00826913
    0.0161013   0.00808314   0.00826947
    0.0161215   0.00808352    0.0082698
     0.016142    0.0080839   0.00827015
    0.0161626   0.00808428   0.00827049
    0.0161834   0.00808467   0.00827084
    0.0162045   0.00808506   0.00827061
    0.0162258   0.00808545   0.00827562
    0.0162473   0.00808585   0.00827593
    0.0162691   0.00808618   0.00827625
    0.0162912   0.00808658   0.00827656
    0.0163135   0.00808699   0.00827688
    0.0163359    0.0080874   0.00827719
    0.0163586   0.00808781    0.0082775
    0.0163814   0.00808822   0.00827781
    0.0164044   0.00808864   0.00827813
    0.0164275   0.00808905    0.0082785
    0.0164509   0.00808947   0.00827887
    0.0164744   0.00808989   0.00827923
    0.0164982   0.00809031    0.0082796
    0.0165223   0.00809074   0.00827996
    0.0165466   0.00809117   0.00828033
    0.0165712    0.0080916   0.00828069
    0.0165961   0.00809204   0.00828105
    0.0166214   0.00809248   0.00828141
    0.0166471   0.00809293   0.00828177
    0.0166731   0.00809338   0.00828213
    0.0166996   0.00809384   0.00828249
    0.0167265   0.00809431   0.00828286
    0.0167538   0.00809478   0.00828122
    0.0167817   0.00809527    0.0082817
    0.0168102   0.00809576   0.00828218
    0.0168393   0.00809626   0.00828267
     0.016869   0.00809677   0.00828316
    0.0168995   0.00809729   0.00828367
    0.0169309   0.00809782   0.00828419
    0.0169631   0.00809837   0.00828472
    0.0169964   0.00809894   0.00828526
    0.0170309   0.00809952   0.00828583
    0.0170666   0.00810011   0.00828642
    0.0171035   0.00810062   0.00828599
    0.0171418   0.00810116   0.00828696
    0.0171805   0.00810169   0.00828799
    0.0172173   0.00810219   0.00828903
    0.0172527   0.00810267   0.00828997
    0.0172869   0.00810313   0.00829084
    0.0173201   0.00810358   0.00829165
    0.0173528   0.00810402   0.00829551
    0.0173849   0.00810445   0.00829674
    0.0174168   0.00810488   0.00829756
    0.0174485   0.00810531   0.00829835
    0.0174803   0.00810575   0.00829913
    0.0175124    0.0081062    0.0082999
    0.0175449   0.00810665   0.00830037
    0.0175778   0.00810712   0.00830082
    0.0176109   0.00810761   0.00830126
     0.017644    0.0081081   0.00830171
    0.0176769   0.00810861   0.00830215
    0.0177087   0.00810911   0.00830259
    0.0177386    0.0081096     0.008303
    0.0177669   0.00811008    0.0083034
    0.0177938   0.00811053   0.00830377
    0.0178194   0.00811097   0.00830413
     0.017844   0.00811139   0.00830447
    0.0178678   0.00811179   0.00830481
    0.0178909   0.00811217   0.00830513
    0.0179134    0.0081128   0.00830544
    0.0179354   0.00811316   0.00830575
     0.017957   0.00811352   0.00830605
    0.0179783   0.00811387   0.00830634
    0.0179993   0.00811423   0.00830662
      0.01802   0.00811459    0.0083069
    0.0180405   0.00811495   0.00830717
    0.0180608   0.00811532   0.00830744
    0.0180809   0.00811568   0.00830771
    0.0181008   0.00811605   0.00830797
    0.0181206   0.00811643   0.00830823
    0.0181402   0.00811681   0.00830849
    0.0181597   0.00811719   0.00830875
     0.018179   0.00811757   0.00830901
    0.0181982   0.00811796   0.00830927
    0.0182172   0.00811835   0.00830953
    0.0182361   0.00811874   0.00830979
    0.0182547   0.00811914   0.00831005
    0.0182733   0.00811955   0.00831031
    0.0182917   0.00811996   0.00831057
    0.0183099   0.00812037   0.00831084
     0.018328   0.00812079    0.0083111
    0.0183459   0.00812122   0.00831136
    0.0183638   0.00812165   0.00831162
    0.0183816   0.00812209   0.00831188
    0.0183992   0.00812254   0.00831214
    0.0184168   0.00812304    0.0083124
    0.0184344   0.00812349   0.00831266
    0.0184519   0.00812395   0.00831292
    0.0184693   0.00812442   0.00831319
    0.0184868   0.00812489   0.00831345
    0.0185043   0.00812541   0.00831372
    0.0185217   0.00812587   0.00831398
    0.0185392   0.00812631   0.00831425
    0.0185568   0.00812674   0.00831452
    0.0185744   0.00812718   0.00831479
    0.0185921    0.0081276   0.00831507
    0.0186098   0.00812803   0.00831534
    0.0186278   0.00812846   0.00831562
    0.0186458   0.00812888    0.0083159
     0.018664    0.0081293   0.00831619
    0.0186824   0.00812973   0.00831647
    0.0187009   0.00813015   0.00831676
    0.0187197   0.00813058   0.00831706
    0.0187386     0.008131   0.00831736
    0.0187577   0.00813143   0.00831767
    0.0187769   0.00813186   0.00831799
    0.0187964   0.00813228   0.00831831
     0.018816   0.00813271   0.00831863
    0.0188357   0.00813314   0.00831897
    0.0188554   0.00813356    0.0083193
    0.0188753   0.00813399   0.00831965
    0.0188954   0.00813442      0.00832
    0.0189156   0.00813485   0.00832036
     0.018936   0.00813528   0.00832073
    0.0189566   0.00813571   0.00832052
    0.0189774   0.00813607   0.00832092
    0.0189985   0.00813651   0.00832591
    0.0190198   0.00813695   0.00832626
    0.0190414   0.00813739   0.00832661
    0.0190632   0.00813784   0.00832696
    0.0190852   0.00813829   0.00832731
    0.0191075   0.00813873   0.00832767
      0.01913   0.00813918   0.00832803
    0.0191527   0.00813963   0.00832845
    0.0191756   0.00814009   0.00832888
    0.0191988   0.00814054   0.00832931
    0.0192222   0.00814099   0.00832973
    0.0192458   0.00814144   0.00833016
    0.0192696    0.0081419   0.00833058
    0.0192938   0.00814235     0.008331
    0.0193183   0.00814281   0.00833142
    0.0193432   0.00814327   0.00833184
    0.0193685   0.00814374   0.00833225
    0.0193942   0.00814421   0.00833267
    0.0194203   0.00814469   0.00833105
     0.019447   0.00814517   0.00833159
    0.0194743   0.00814567   0.00833214
    0.0195022   0.00814617   0.00833269
    0.0195308   0.00814669   0.00833326
    0.0195601   0.00814723   0.00833384
    0.0195903   0.00814777   0.00833443
    0.0196215   0.00814834   0.00833503
    0.0196537   0.00814893   0.00833566
    0.0196872   0.00814955    0.0083363
    0.0197219   0.00815016   0.00833696
     0.019758   0.00815072   0.00833694
    0.0197956    0.0081513   0.00833809
    0.0198347    0.0081519   0.00833932
    0.0198718   0.00815246    0.0083404
    0.0199074     0.008153   0.00834137
    0.0199419   0.00815353   0.00834525
    0.0199757   0.00815404   0.00834666
    0.0200089   0.00815455   0.00834758
    0.0200419   0.00815506   0.00834845
    0.0200749   0.00815558   0.00834929
    0.0201081   0.00815611   0.00835006
    0.0201416   0.00815665   0.00835053
    0.0201754    0.0081572     0.008351
    0.0202093   0.00815777   0.00835147
     0.020243   0.00815835   0.00835194
    0.0202755   0.00815893    0.0083524
     0.020306   0.00815949   0.00835283
    0.0203347   0.00816003   0.00835325
     0.020362   0.00816056   0.00835365
    0.0203879   0.00816107   0.00835403
    0.0204126   0.00816157   0.00835439
    0.0204365   0.00816204   0.00835475
    0.0204595   0.00816249   0.00835509
     0.020482   0.00816317   0.00835542
    0.0205038   0.00816359   0.00835575
    0.0205252   0.00816401   0.00835607
    0.0205463   0.00816442   0.00835638
    0.0205669   0.00816483   0.00835668
    0.0205873   0.00816524   0.00835698
    0.0206075   0.00816565   0.00835728
    0.0206275   0.00816607   0.00835757
    0.0206472   0.00816648   0.00835785
    0.0206668   0.00816691   0.00835814
    0.0206863   0.00816733   0.00835842
    0.0207055   0.00816775    0.0083587
    0.0207246   0.00816818   0.00835898
    0.0207436   0.00816862   0.00835926
    0.0207624   0.00816905   0.00835954
     0.020781   0.00816949   0.00835982
    0.0207995   0.00816993    0.0083601
    0.0208178   0.00817038   0.00836039
     0.020836   0.00817083   0.00836067
     0.020854   0.00817128   0.00836096
    0.0208719   0.00817175   0.00836124
    0.0208897   0.00817221   0.00836153
    0.0209073   0.00817269   0.00836182
    0.0209248   0.00817321   0.00836211
    0.0209423   0.00817369    0.0083624
    0.0209596   0.00817417    0.0083627
    0.0209769   0.00817466     0.008363
    0.0209941   0.00817518   0.00836329
    0.0210113    0.0081757    0.0083636
    0.0210285   0.00817616    0.0083639
    0.0210457   0.00817661    0.0083642
    0.0210629   0.00817706   0.00836451
    0.0210802   0.00817751   0.00836482
    0.0210976   0.00817795   0.00836513
    0.0211151   0.00817839   0.00836545
    0.0211328   0.00817883   0.00836577
    0.0211507   0.00817927   0.00836609
    0.0211687   0.00817971   0.00836642
     0.021187   0.00818015   0.00836676
    0.0212055   0.00818059    0.0083671
    0.0212242   0.00818103   0.00836745
    0.0212431   0.00818147    0.0083678
    0.0212622   0.00818191   0.00836817
    0.0212815   0.00818236   0.00836854
    0.0213009    0.0081828   0.00836893
    0.0213204   0.00818324   0.00836932
      0.02134   0.00818368   0.00836971
    0.0213598   0.00818412   0.00837011
    0.0213796   0.00818456   0.00837052
    0.0213997   0.00818501   0.00837094
    0.0214199   0.00818546   0.00837077
    0.0214404   0.00818583   0.00837582
    0.0214611   0.00818628    0.0083762
    0.0214821   0.00818674   0.00837658
    0.0215032    0.0081872   0.00837696
    0.0215246   0.00818767   0.00837734
    0.0215462   0.00818814   0.00837772
    0.0215679   0.00818861   0.00837811
    0.0215899   0.00818908   0.00837857
     0.021612   0.00818956   0.00837902
    0.0216344   0.00819003   0.00837947
    0.0216569   0.00819051   0.00837992
    0.0216797   0.00819099   0.00838036
    0.0217028   0.00819148    0.0083808
    0.0217261   0.00819197   0.00838124
    0.0217498   0.00819246   0.00838168
    0.0217739   0.00819296   0.00838211
    0.0217983   0.00819346   0.00838254
    0.0218233   0.00819397    0.0083809
    0.0218487   0.00819449   0.00838144
    0.0218746   0.00819501   0.00838199
    0.0219011   0.00819555   0.00838254
    0.0219282    0.0081961    0.0083831
    0.0219556   0.00819665   0.00838366
    0.0219834   0.00819722   0.00838423
    0.0220119    0.0081978    0.0083848
     0.022041   0.00819839   0.00838538
    0.0220711     0.008199   0.00838598
    0.0221021   0.00819964   0.00838659
    0.0221344   0.00820026   0.00838627
     0.022168   0.00820084   0.00838729
     0.022203   0.00820145   0.00838842
    0.0222396   0.00820207   0.00838959
    0.0222763   0.00820269   0.00839067
    0.0223113   0.00820329   0.00839417
    0.0223452   0.00820386   0.00839572
    0.0223782   0.00820443   0.00839712
    0.0224108   0.00820499   0.00839801
    0.0224432   0.00820554   0.00839887
    0.0224755   0.00820611   0.00839971
    0.0225083   0.00820668   0.00840031
    0.0225415   0.00820727   0.00840079
    0.0225751   0.00820788   0.00840128
    0.0226089   0.00820851   0.00840178
    0.0226426   0.00820915   0.00840228
    0.0226757    0.0082098   0.00840278
    0.0227066   0.00821043   0.00840326
    0.0227354   0.00821103   0.00840371
    0.0227626   0.00821162   0.00840414
    0.0227884   0.00821218   0.00840455
     0.022813   0.00821296   0.00840494
    0.0228366   0.00821347   0.00840532
    0.0228594   0.00821396   0.00840569
    0.0228814   0.00821443   0.00840605
    0.0229028   0.00821489    0.0084064
    0.0229238   0.00821534   0.00840675
    0.0229443   0.00821579   0.00840708
    0.0229644   0.00821623   0.00840741
    0.0229843   0.00821668   0.00840774
    0.0230039   0.00821712   0.00840805
    0.0230232   0.00821757   0.00840837
    0.0230423   0.00821802   0.00840868
    0.0230613   0.00821847   0.00840899
      0.02308   0.00821893   0.00840929
    0.0230986   0.00821939    0.0084096
    0.0231171   0.00821985    0.0084099
    0.0231353   0.00822032    0.0084102
    0.0231534   0.00822079    0.0084105
    0.0231714   0.00822126   0.00841081
    0.0231892   0.00822174   0.00841111
    0.0232069   0.00822222   0.00841142
    0.0232244   0.00822271   0.00841173
    0.0232418   0.00822325   0.00841204
    0.0232591   0.00822374   0.00841235
    0.0232763   0.00822424   0.00841266
    0.0232934   0.00822474   0.00841298
    0.0233104   0.00822528    0.0084133
    0.0233274    0.0082258   0.00841362
    0.0233443   0.00822627   0.00841395
    0.0233613   0.00822674   0.00841428
    0.0233783    0.0082272   0.00841462
    0.0233954   0.00822765   0.00841495
    0.0234126   0.00822811   0.00841529
    0.0234299   0.00822857   0.00841564
    0.0234474   0.00822902   0.00841599
    0.0234651   0.00822948   0.00841634
     0.023483   0.00822994    0.0084167
    0.0235011    0.0082304   0.00841707
    0.0235195   0.00823086   0.00841744
    0.0235381   0.00823132   0.00841782
    0.0235569   0.00823179   0.00841822
    0.0235759   0.00823225   0.00841862
    0.0235952   0.00823272   0.00841903
    0.0236145   0.00823318   0.00841946
    0.0236339   0.00823365   0.00841989
    0.0236534   0.00823411   0.00842033
    0.0236732   0.00823457   0.00842077
    0.0236931   0.00823504   0.00842063
    0.0237132   0.00823551   0.00842572
    0.0237336   0.00823591   0.00842613
    0.0237542   0.00823638   0.00842654
     0.023775   0.00823686   0.00842694
    0.0237961   0.00823735   0.00842734
    0.0238173   0.00823784   0.00842774
    0.0238388   0.00823833   0.00842814
    0.0238604   0.00823882   0.00842862
    0.0238822   0.00823932   0.00842908
    0.0239041   0.00823982   0.00842955
    0.0239262   0.00824032   0.00843001
    0.0239485   0.00824082   0.00843047
     0.023971   0.00824133   0.00843092
    0.0239937   0.00824184   0.00843137
    0.0240168   0.00824235   0.00843182
    0.0240401   0.00824287   0.00843226
    0.0240639    0.0082434    0.0084327
     0.024088   0.00824393   0.00843112
    0.0241126   0.00824447   0.00843167
    0.0241377   0.00824502   0.00843223
    0.0241633   0.00824558   0.00843279
    0.0241895   0.00824615   0.00843336
     0.024216   0.00824673   0.00843393
    0.0242427   0.00824732   0.00843449
    0.0242697   0.00824791   0.00843506
    0.0242972   0.00824851   0.00843563
    0.0243253   0.00824913   0.00843621
    0.0243539   0.00824977   0.00843679
    0.0243834   0.00825036   0.00843655
    0.0244137   0.00825092   0.00843751
     0.024445    0.0082515   0.00843857
    0.0244774   0.00825209   0.00843964
     0.024511   0.00825271   0.00844066
     0.024546   0.00825335    0.0084442
    0.0245804   0.00825398   0.00844583
    0.0246138    0.0082546   0.00844728
    0.0246467   0.00825521    0.0084482
    0.0246793   0.00825581   0.00844909
     0.024712   0.00825643   0.00844995
     0.024745   0.00825705   0.00845047
    0.0247787    0.0082577   0.00845098
    0.0248128   0.00825837    0.0084515
    0.0248471   0.00825906   0.00845203
     0.024881   0.00825976   0.00845256
    0.0249132   0.00826045   0.00845308
    0.0249436   0.00826112   0.00845357
    0.0249721   0.00826177   0.00845404
    0.0249991    0.0082624   0.00845449
    0.0250246   0.00826324   0.00845492
    0.0250491   0.00826381   0.00845533
    0.0250726   0.00826436   0.00845573
    0.0250953    0.0082649   0.00845613
    0.0251172   0.00826541   0.00845651
    0.0251386   0.00826591   0.00845689
    0.0251594    0.0082664   0.00845725
    0.0251798   0.00826688   0.00845761
    0.0251997   0.00826736   0.00845796
    0.0252194   0.00826784   0.00845831
    0.0252387   0.00826832   0.00845865
    0.0252578    0.0082688   0.00845898
    0.0252766   0.00826929   0.00845931
    0.0252952   0.00826978   0.00845964
    0.0253136   0.00827027   0.00845997
    0.0253319   0.00827077    0.0084603
    0.0253499   0.00827127   0.00846062
    0.0253678   0.00827177   0.00846094
    0.0253856   0.00827228   0.00846127
    0.0254032   0.00827279   0.00846159
    0.0254206   0.00827335   0.00846192
    0.0254379   0.00827386   0.00846225
    0.0254551   0.00827437   0.00846258
    0.0254722    0.0082749   0.00846291
    0.0254891   0.00827547   0.00846325
    0.0255061   0.00827598   0.00846359
     0.025523   0.00827646   0.00846394
    0.0255399   0.00827693   0.00846429
    0.0255568    0.0082774   0.00846465
    0.0255738   0.00827787   0.00846501
    0.0255908   0.00827833   0.00846537
    0.0256081    0.0082788   0.00846574
    0.0256254   0.00827926   0.00846612
     0.025643   0.00827973    0.0084665
    0.0256608    0.0082802   0.00846688
    0.0256788   0.00828067   0.00846728
    0.0256971   0.00828114   0.00846769
    0.0257156   0.00828162    0.0084681
    0.0257344   0.00828209   0.00846853
    0.0257534   0.00828257   0.00846897
    0.0257726   0.00828305   0.00846942
    0.0257918   0.00828353   0.00846988
    0.0258112   0.00828401   0.00847035
    0.0258307   0.00828448   0.00847083
    0.0258504   0.00828496   0.00847073
    0.0258703   0.00828545   0.00847583
    0.0258905   0.00828586   0.00847627
    0.0259109   0.00828635    0.0084767
    0.0259315   0.00828684   0.00847713
    0.0259524   0.00828734   0.00847756
    0.0259736   0.00828785   0.00847798
    0.0259949   0.00828835   0.00847846
    0.0260165   0.00828887   0.00847896
    0.0260382   0.00828938   0.00847944
    0.0260601    0.0082899   0.00847993
    0.0260821   0.00829042    0.0084804
    0.0261044   0.00829094   0.00848087
    0.0261268   0.00829147   0.00848134
    0.0261494     0.008292    0.0084818
    0.0261723   0.00829253   0.00848226
    0.0261955   0.00829307   0.00848271
     0.026219   0.00829362   0.00848115
    0.0262429   0.00829417   0.00848171
    0.0262673   0.00829474   0.00848228
    0.0262922   0.00829531   0.00848285
    0.0263176    0.0082959   0.00848343
    0.0263436    0.0082965   0.00848401
    0.0263696   0.00829711   0.00848458
    0.0263956   0.00829771   0.00848514
    0.0264218   0.00829832   0.00848571
    0.0264484   0.00829895   0.00848628
    0.0264754   0.00829958   0.00848685
    0.0265028   0.00830019   0.00848659
    0.0265309   0.00830075   0.00848751
    0.0265598   0.00830132   0.00848852
    0.0265894    0.0083019   0.00848953
    0.0266201    0.0083025    0.0084905
    0.0266519   0.00830312   0.00849145
    0.0266849   0.00830376   0.00849543
    0.0267192   0.00830444   0.00849697
    0.0267527    0.0083051   0.00849794
    0.0267857   0.00830575   0.00849887
    0.0268185   0.00830641   0.00849977
    0.0268516   0.00830708   0.00850037
    0.0268852   0.00830776    0.0085009
    0.0269192   0.00830847   0.00850143
    0.0269534   0.00830921   0.00850197
    0.0269865   0.00830993   0.00850251
    0.0270179   0.00831065   0.00850303
    0.0270476   0.00831134   0.00850353
    0.0270755   0.00831202   0.00850401
     0.027102   0.00831292   0.00850446
    0.0271273   0.00831354    0.0085049
    0.0271514   0.00831414   0.00850533
    0.0271747   0.00831473   0.00850574
    0.0271972   0.00831529   0.00850615
     0.027219   0.00831583   0.00850655
    0.0272403   0.00831636   0.00850694
    0.0272611   0.00831688   0.00850732
    0.0272814    0.0083174    0.0085077
    0.0273013   0.00831791   0.00850807
    0.0273209   0.00831841   0.00850843
    0.0273403   0.00831892   0.00850879
    0.0273593   0.00831944   0.00850914
    0.0273781   0.00831995    0.0085095
    0.0273967   0.00832047   0.00850985
    0.0274151   0.00832099   0.00851019
    0.0274333   0.00832152   0.00851054
    0.0274513   0.00832204   0.00851088
    0.0274691   0.00832258   0.00851123
    0.0274868   0.00832316   0.00851157
    0.0275043   0.00832368   0.00851192
    0.0275216   0.00832422   0.00851226
    0.0275388   0.00832476   0.00851261
    0.0275559   0.00832533   0.00851297
    0.0275729   0.00832588   0.00851332
    0.0275898   0.00832638   0.00851369
    0.0276067   0.00832687   0.00851406
    0.0276236   0.00832735   0.00851443
    0.0276405   0.00832783   0.00851481
    0.0276575    0.0083283   0.00851519
    0.0276746   0.00832877   0.00851558
    0.0276918   0.00832924   0.00851597
    0.0277092   0.00832971   0.00851638
    0.0277267   0.00833018   0.00851679
    0.0277445   0.00833066    0.0085172
    0.0277626   0.00833113   0.00851763
    0.0277809   0.00833161   0.00851807
    0.0277995   0.00833209   0.00851852
    0.0278183   0.00833258   0.00851898
    0.0278373   0.00833307   0.00851946
    0.0278565   0.00833355   0.00851995
    0.0278757   0.00833404   0.00852045
    0.0278952   0.00833452   0.00852036
    0.0279148   0.00833501   0.00852089
    0.0279347   0.00833551     0.008526
    0.0279548   0.00833592   0.00852646
    0.0279751   0.00833642   0.00852691
    0.0279956   0.00833692   0.00852737
    0.0280165   0.00833744   0.00852782
    0.0280376   0.00833795   0.00852829
    0.0280589   0.00833848   0.00852882
    0.0280804   0.00833901   0.00852933
    0.0281021   0.00833954   0.00852984
     0.028124   0.00834007   0.00853034
    0.0281461   0.00834061   0.00853083
    0.0281683   0.00834115   0.00853132
    0.0281907   0.00834169    0.0085318
    0.0282134   0.00834224   0.00853227
    0.0282363   0.00834279   0.00853274
    0.0282595   0.00834335    0.0085312
    0.0282831   0.00834392   0.00853179
    0.0283071    0.0083445   0.00853237
    0.0283316   0.00834509   0.00853296
    0.0283565   0.00834569   0.00853354
    0.0283816   0.00834629   0.00853412
    0.0284065   0.00834689   0.00853469
    0.0284315    0.0083475   0.00853525
    0.0284565   0.00834811   0.00853581
    0.0284818   0.00834873   0.00853636
    0.0285073   0.00834936   0.00853692
    0.0285333      0.00835   0.00853667
    0.0285597   0.00835055   0.00853756
    0.0285868   0.00835111   0.00853853
    0.0286145   0.00835168   0.00853949
     0.028643   0.00835227   0.00854042
    0.0286725   0.00835287   0.00854131
     0.028703    0.0083535   0.00854512
    0.0287346   0.00835415   0.00854659
    0.0287674   0.00835483   0.00854758
    0.0288015   0.00835554   0.00854856
    0.0288351   0.00835625    0.0085495
    0.0288688   0.00835697   0.00855024
    0.0289029    0.0083577   0.00855078
    0.0289372   0.00835846   0.00855132
    0.0289712   0.00835922   0.00855187
    0.0290036   0.00835997   0.00855241
    0.0290342    0.0083607   0.00855293
    0.0290632   0.00836142   0.00855343
    0.0290907   0.00836212    0.0085539
    0.0291168   0.00836304   0.00855436
    0.0291417   0.00836369   0.00855481
    0.0291656   0.00836431   0.00855524
    0.0291886   0.00836492   0.00855566
    0.0292109    0.0083655   0.00855607
    0.0292325   0.00836607   0.00855647
    0.0292536   0.00836663   0.00855687
    0.0292742   0.00836717   0.00855726
    0.0292943   0.00836771   0.00855765
    0.0293141   0.00836824   0.00855803
    0.0293336   0.00836877    0.0085584
    0.0293528    0.0083693   0.00855877
    0.0293717   0.00836984   0.00855914
    0.0293904   0.00837037    0.0085595
    0.0294089   0.00837091   0.00855987
    0.0294271   0.00837146   0.00856023
    0.0294452     0.008372   0.00856059
    0.0294631   0.00837255   0.00856095
    0.0294808   0.00837315   0.00856131
    0.0294983    0.0083737   0.00856167
    0.0295157   0.00837425   0.00856203
    0.0295329    0.0083748   0.00856239
      0.02955    0.0083754   0.00856276
     0.029567   0.00837595   0.00856313
    0.0295839   0.00837645   0.00856351
    0.0296008   0.00837695   0.00856389
    0.0296177   0.00837744   0.00856428
    0.0296345   0.00837792   0.00856467
    0.0296514    0.0083784   0.00856507
    0.0296684   0.00837888   0.00856548
    0.0296855   0.00837935   0.00856589
    0.0297028   0.00837983   0.00856631
    0.0297203    0.0083803   0.00856674
    0.0297379   0.00838077   0.00856718
    0.0297558   0.00838125   0.00856763
     0.029774   0.00838173   0.00856809
    0.0297924   0.00838221   0.00856856
     0.029811    0.0083827   0.00856905
    0.0298299   0.00838318   0.00856955
    0.0298489   0.00838367   0.00857007
    0.0298681   0.00838416   0.00857059
    0.0298874   0.00838465   0.00857053
    0.0299069   0.00838514   0.00857571
    0.0299267   0.00838563    0.0085762
    0.0299467   0.00838605   0.00857668
    0.0299669   0.00838655   0.00857715
    0.0299874   0.00838706   0.00857762
    0.0300081   0.00838757   0.00857809
     0.030029    0.0083881   0.00857865
    0.0300502   0.00838862   0.00857919
    0.0300717   0.00838916   0.00857972
    0.0300933   0.00838969   0.00858025
    0.0301151   0.00839024   0.00858076
    0.0301371   0.00839078   0.00858127
    0.0301593   0.00839133   0.00858177
    0.0301817   0.00839189   0.00858226
    0.0302043   0.00839245   0.00858274
    0.0302273   0.00839301   0.00858122
    0.0302505   0.00839359   0.00858182
    0.0302742   0.00839418   0.00858243
    0.0302982   0.00839477   0.00858302
    0.0303228   0.00839538   0.00858362
    0.0303474   0.00839599   0.00858422
    0.0303718    0.0083966   0.00858479
    0.0303962   0.00839721   0.00858536
    0.0304206   0.00839782   0.00858592
    0.0304451   0.00839844   0.00858647
    0.0304699   0.00839908   0.00858702
    0.0304951   0.00839972   0.00858682
    0.0305206   0.00840031   0.00858771
    0.0305466   0.00840087   0.00858866
    0.0305731   0.00840144   0.00858959
    0.0306003   0.00840202   0.00859048
    0.0306283   0.00840262   0.00859134
    0.0306572   0.00840324   0.00859511
    0.0306871   0.00840388   0.00859651
    0.0307181   0.00840456   0.00859751
    0.0307504   0.00840526   0.00859844
    0.0307841     0.008406   0.00859937
    0.0308181   0.00840675   0.00860017
    0.0308522   0.00840752   0.00860071
    0.0308865   0.00840831   0.00860125
    0.0309206   0.00840911    0.0086018
    0.0309531    0.0084099   0.00860233
     0.030984   0.00841067   0.00860285
    0.0310133   0.00841142   0.00860335
     0.031041   0.00841215   0.00860383
    0.0310673   0.00841311   0.00860429
    0.0310923   0.00841379   0.00860474
    0.0311163   0.00841445   0.00860517
    0.0311394   0.00841509    0.0086056
    0.0311616   0.00841571   0.00860601
    0.0311832   0.00841631   0.00860642
    0.0312043   0.00841689   0.00860682
    0.0312248   0.00841747   0.00860722
     0.031245   0.00841803   0.00860761
    0.0312648   0.00841859   0.00860799
    0.0312842   0.00841915   0.00860837
    0.0313034   0.00841971   0.00860875
    0.0313223   0.00842027   0.00860912
     0.031341   0.00842083    0.0086095
    0.0313595    0.0084214   0.00860987
    0.0313777   0.00842197   0.00861024
    0.0313958   0.00842254   0.00861061
    0.0314137   0.00842316   0.00861098
    0.0314314   0.00842373   0.00861135
    0.0314489    0.0084243   0.00861172
    0.0314662   0.00842487   0.00861209
    0.0314834   0.00842549   0.00861247
    0.0315004   0.00842604   0.00861285
    0.0315173   0.00842656   0.00861323
    0.0315341   0.00842706   0.00861362
    0.0315508   0.00842755   0.00861401
    0.0315675   0.00842804   0.00861441
    0.0315842   0.00842852   0.00861482
     0.031601   0.00842899   0.00861523
    0.0316178   0.00842947   0.00861565
    0.0316348   0.00842994   0.00861608
    0.0316519    0.0084304   0.00861652
    0.0316692   0.00843087   0.00861697
    0.0316867   0.00843134   0.00861742
    0.0317044   0.00843181   0.00861789
    0.0317224   0.00843228   0.00861837
    0.0317407   0.00843276   0.00861887
    0.0317593   0.00843324   0.00861938
    0.0317781   0.00843372   0.00861991
    0.0317971   0.00843421   0.00862045
    0.0318163    0.0084347   0.00862041
    0.0318357   0.00843519   0.00862563
    0.0318553   0.00843568   0.00862614
    0.0318752    0.0084361   0.00862664
    0.0318953    0.0084366   0.00862714
    0.0319156    0.0084371   0.00862763
    0.0319362   0.00843761   0.00862813
     0.031957   0.00843813    0.0086287
     0.031978   0.00843865   0.00862927
    0.0319992   0.00843918   0.00862982
    0.0320207   0.00843971   0.00863037
    0.0320423   0.00844026    0.0086309
    0.0320642    0.0084408   0.00863143
    0.0320862   0.00844135   0.00863195
    0.0321085   0.00844191   0.00863246
    0.0321311   0.00844248   0.00863089
     0.032154   0.00844305   0.00863151
    0.0321771   0.00844362   0.00863213
    0.0322007   0.00844421   0.00863275
    0.0322246   0.00844482   0.00863337
    0.0322491   0.00844543   0.00863398
    0.0322736   0.00844605   0.00863459
     0.032298   0.00844667   0.00863519
    0.0323223   0.00844729   0.00863577
    0.0323467   0.00844791   0.00863634
    0.0323713   0.00844855   0.00863691
    0.0323961   0.00844919   0.00863666
    0.0324213   0.00844985   0.00863756
    0.0324468   0.00845044   0.00863851
    0.0324729   0.00845102   0.00863946
    0.0324995    0.0084516   0.00864036
    0.0325269   0.00845221   0.00864123
     0.032555   0.00845283   0.00864491
    0.0325841   0.00845347   0.00864632
    0.0326143   0.00845414   0.00864747
    0.0326457   0.00845485   0.00864837
    0.0326784   0.00845559   0.00864927
    0.0327119   0.00845635    0.0086501
    0.0327453   0.00845713   0.00865062
     0.032779   0.00845792   0.00865115
    0.0328127   0.00845874   0.00865168
    0.0328458   0.00845956   0.00865221
    0.0328775   0.00846038   0.00865273
    0.0329079   0.00846118   0.00865324
    0.0329367   0.00846197   0.00865373
     0.032964   0.00846299    0.0086542
    0.0329899   0.00846372   0.00865466
    0.0330146   0.00846443    0.0086551
    0.0330382   0.00846512   0.00865553
     0.033061   0.00846579   0.00865595
    0.0330831   0.00846643   0.00865636
    0.0331045   0.00846706   0.00865676
    0.0331254   0.00846767   0.00865716
    0.0331459   0.00846828   0.00865756
     0.033166   0.00846888   0.00865795
    0.0331858   0.00846947   0.00865834
    0.0332052   0.00847007   0.00865872
    0.0332244   0.00847066   0.00865911
    0.0332433   0.00847126   0.00865948
     0.033262   0.00847186   0.00865986
    0.0332805   0.00847247   0.00866024
    0.0332987   0.00847313   0.00866062
    0.0333168   0.00847372   0.00866099
    0.0333346   0.00847433   0.00866137
    0.0333523   0.00847493   0.00866175
    0.0333698   0.00847559   0.00866213
    0.0333871   0.00847615   0.00866252
    0.0334043   0.00847668   0.00866291
    0.0334214    0.0084772    0.0086633
    0.0334384   0.00847771   0.00866371
    0.0334554   0.00847822   0.00866412
    0.0334723   0.00847871   0.00866453
    0.0334893    0.0084792   0.00866496
    0.0335063   0.00847968   0.00866539
    0.0335234   0.00848016   0.00866583
    0.0335406   0.00848064   0.00866628
     0.033558   0.00848111   0.00866674
    0.0335756   0.00848159   0.00866721
    0.0335934   0.00848206   0.00866769
    0.0336116   0.00848254   0.00866819
    0.0336299   0.00848302    0.0086687
    0.0336486   0.00848351   0.00866923
    0.0336674   0.00848399   0.00866977
    0.0336864   0.00848447   0.00867033
    0.0337056   0.00848496    0.0086709
    0.0337249   0.00848545   0.00867091
    0.0337445   0.00848587   0.00867608
    0.0337644   0.00848636    0.0086766
    0.0337845   0.00848686   0.00867712
    0.0338048   0.00848736   0.00867764
    0.0338253   0.00848786   0.00867815
     0.033846   0.00848837   0.00867875
     0.033867   0.00848889   0.00867934
    0.0338882   0.00848942   0.00867992
    0.0339096   0.00848995   0.00868048
    0.0339313   0.00849049   0.00868104
    0.0339532   0.00849104   0.00868159
    0.0339753   0.00849159   0.00868213
    0.0339977   0.00849215   0.00868266
    0.0340204   0.00849271   0.00868117
    0.0340433   0.00849329   0.00868182
    0.0340667   0.00849387   0.00868247
    0.0340904   0.00849446   0.00868312
    0.0341146   0.00849507   0.00868376
    0.0341393    0.0084957    0.0086844
    0.0341648   0.00849634   0.00868505
    0.0341901   0.00849699   0.00868568
    0.0342154   0.00849764    0.0086863
    0.0342409    0.0084983   0.00868692
    0.0342666   0.00849897   0.00868674
    0.0342926   0.00849966    0.0086877
     0.034319    0.0085003   0.00868872
    0.0343458    0.0085009   0.00868971
    0.0343731   0.00850152   0.00869065
    0.0344012   0.00850215   0.00869155
    0.0344301    0.0085028   0.00869551
      0.03446   0.00850347   0.00869694
    0.0344911   0.00850418   0.00869787
    0.0345234   0.00850492   0.00869879
    0.0345571    0.0085057   0.00869972
    0.0345918   0.00850652   0.00870038
    0.0346265   0.00850735   0.00870093
    0.0346613    0.0085082   0.00870148
    0.0346949   0.00850904   0.00870202
    0.0347272   0.00850988   0.00870254
    0.0347581   0.00851071   0.00870305
    0.0347875   0.00851153   0.00870354
    0.0348155   0.00851234   0.00870402
    0.0348421   0.00851336   0.00870448
    0.0348673    0.0085141   0.00870492
    0.0348913   0.00851482   0.00870535
    0.0349144   0.00851552   0.00870577
    0.0349368   0.00851619   0.00870618
    0.0349584   0.00851685   0.00870658
    0.0349795   0.00851749   0.00870698
        0.035   0.00851812   0.00870737
    0.0350202   0.00851873   0.00870776
    0.0350399   0.00851935   0.00870815
    0.0350593   0.00851996   0.00870853
    0.0350784   0.00852057   0.00870891
    0.0350973   0.00852118   0.00870928
    0.0351159    0.0085218   0.00870966
    0.0351342   0.00852243   0.00871003
    0.0351524    0.0085231   0.00871041
    0.0351704   0.00852371   0.00871078
    0.0351882   0.00852433   0.00871116
    0.0352058   0.00852495   0.00871153
    0.0352232   0.00852563   0.00871191
    0.0352405    0.0085262    0.0087123
    0.0352576   0.00852674   0.00871269
    0.0352746   0.00852727   0.00871308
    0.0352915   0.00852779   0.00871348
    0.0353083    0.0085283   0.00871389
    0.0353251    0.0085288    0.0087143
    0.0353419   0.00852929   0.00871473
    0.0353588   0.00852978   0.00871516
    0.0353757   0.00853026    0.0087156
    0.0353928   0.00853074   0.00871605
      0.03541   0.00853122   0.00871652
    0.0354274   0.00853169   0.00871699
    0.0354451   0.00853217   0.00871747
     0.035463   0.00853265   0.00871797
    0.0354812   0.00853312   0.00871849
    0.0354997   0.00853361   0.00871902
    0.0355184   0.00853409   0.00871957
    0.0355371   0.00853457   0.00872013
    0.0355561   0.00853505   0.00872071
    0.0355753   0.00853553   0.00872072
    0.0355947   0.00853594   0.00872592
    0.0356143   0.00853643   0.00872646
    0.0356342   0.00853692   0.00872699
    0.0356543   0.00853741   0.00872752
    0.0356745   0.00853791   0.00872804
     0.035695   0.00853842   0.00872864
    0.0357157   0.00853892   0.00872924
    0.0357367   0.00853944   0.00872983
    0.0357578   0.00853996   0.00873041
    0.0357791   0.00854049   0.00873098
    0.0358007   0.00854102   0.00873155
    0.0358225   0.00854156    0.0087321
    0.0358446   0.00854211   0.00873264
    0.0358669   0.00854267   0.00873116
    0.0358896   0.00854324   0.00873183
    0.0359126   0.00854381   0.00873249
     0.035936    0.0085444   0.00873315
    0.0359599   0.00854499   0.00873381
    0.0359843   0.00854561   0.00873447
    0.0360089   0.00854624   0.00873512
    0.0360333   0.00854686   0.00873575
    0.0360576   0.00854749   0.00873637
     0.036082   0.00854812   0.00873698
    0.0361066   0.00854876   0.00873681
    0.0361313   0.00854942   0.00873776
    0.0361563   0.00855007   0.00873876
    0.0361816   0.00855064   0.00873972
    0.0362073   0.00855122   0.00874064
    0.0362336   0.00855182   0.00874151
    0.0362605   0.00855243   0.00874538
    0.0362881   0.00855306   0.00874676
    0.0363166   0.00855371   0.00874776
    0.0363462   0.00855439   0.00874861
    0.0363769   0.00855511   0.00874946
    0.0364088   0.00855587   0.00875018
    0.0364417   0.00855666    0.0087507
    0.0364751   0.00855748   0.00875123
    0.0365083   0.00855831   0.00875175
    0.0365406   0.00855915   0.00875226
    0.0365719   0.00855998   0.00875277
    0.0366017   0.00856081   0.00875325
    0.0366301   0.00856163   0.00875372
    0.0366571   0.00856243   0.00875418
    0.0366828   0.00856345   0.00875461
    0.0367074    0.0085642   0.00875504
     0.036731   0.00856492   0.00875545
    0.0367537   0.00856563   0.00875586
    0.0367758   0.00856631   0.00875626
    0.0367972   0.00856698   0.00875666
    0.0368181   0.00856764   0.00875705
    0.0368386   0.00856829   0.00875743
    0.0368587   0.00856893   0.00875782
    0.0368786   0.00856957    0.0087582
    0.0368982   0.00857021   0.00875858
    0.0369175   0.00857085   0.00875896
    0.0369367    0.0085715   0.00875934
    0.0369556   0.00857215   0.00875972
    0.0369744   0.00857281   0.00876009
    0.0369929   0.00857351   0.00876047
    0.0370113   0.00857416   0.00876085
    0.0370294   0.00857482   0.00876124
    0.0370473   0.00857552   0.00876162
    0.0370651   0.00857614   0.00876201
    0.0370826   0.00857671    0.0087624
    0.0370999   0.00857727    0.0087628
    0.0371171   0.00857781    0.0087632
    0.0371341   0.00857833   0.00876361
    0.0371511   0.00857884   0.00876402
    0.0371679   0.00857935   0.00876445
    0.0371847   0.00857984   0.00876488
    0.0372015   0.00858033   0.00876532
    0.0372183   0.00858081   0.00876577
    0.0372352   0.00858128   0.00876622
    0.0372522   0.00858175   0.00876669
    0.0372694   0.00858222   0.00876717
    0.0372868   0.00858269   0.00876766
    0.0373044   0.00858316   0.00876816
    0.0373224   0.00858363   0.00876868
    0.0373405    0.0085841   0.00876921
     0.037359   0.00858457   0.00876977
    0.0373776   0.00858504   0.00877034
    0.0373963   0.00858552   0.00877033
    0.0374154   0.00858592   0.00877559
    0.0374347    0.0085864   0.00877613
    0.0374543   0.00858688   0.00877667
    0.0374741   0.00858737   0.00877721
    0.0374941   0.00858786   0.00877775
    0.0375145   0.00858836   0.00877831
     0.037535   0.00858886   0.00877893
    0.0375557   0.00858937   0.00877954
    0.0375767   0.00858988   0.00878014
    0.0375978   0.00859039   0.00878073
    0.0376193   0.00859092   0.00878131
    0.0376409   0.00859145   0.00878188
    0.0376628   0.00859199   0.00878244
     0.037685   0.00859254   0.00878094
    0.0377075    0.0085931   0.00878163
    0.0377304   0.00859367   0.00878231
    0.0377536   0.00859424   0.00878299
    0.0377772   0.00859483   0.00878367
    0.0378014   0.00859544   0.00878434
     0.037826   0.00859606   0.00878501
    0.0378504   0.00859667   0.00878566
    0.0378746   0.00859729    0.0087863
    0.0378988   0.00859792   0.00878692
    0.0379231   0.00859855   0.00878675
    0.0379477    0.0085992   0.00878771
    0.0379725   0.00859986   0.00878873
    0.0379976   0.00860045   0.00878972
    0.0380231   0.00860102   0.00879066
    0.0380492   0.00860161   0.00879154
    0.0380758   0.00860222   0.00879547
    0.0381031   0.00860284   0.00879686
    0.0381311   0.00860349   0.00879787
    0.0381602   0.00860416   0.00879872
    0.0381903   0.00860487   0.00879955
    0.0382214   0.00860561   0.00880023
    0.0382535   0.00860639   0.00880073
    0.0382862   0.00860719   0.00880125
    0.0383188   0.00860801   0.00880177
    0.0383505   0.00860883   0.00880227
    0.0383814   0.00860966   0.00880276
    0.0384112   0.00861048   0.00880325
    0.0384398   0.00861131   0.00880371
    0.0384674   0.00861214   0.00880417
    0.0384938    0.0086132   0.00880461
     0.038519   0.00861398   0.00880504
    0.0385434   0.00861474   0.00880546
    0.0385668   0.00861548   0.00880587
    0.0385896   0.00861621   0.00880628
    0.0386116   0.00861691   0.00880668
    0.0386332   0.00861761   0.00880707
    0.0386542   0.00861829   0.00880747
    0.0386749   0.00861897   0.00880786
    0.0386952   0.00861964   0.00880824
    0.0387152   0.00862032   0.00880863
     0.038735   0.00862099   0.00880901
    0.0387545   0.00862168   0.00880939
    0.0387739   0.00862237   0.00880978
     0.038793   0.00862311   0.00881016
    0.0388118   0.00862379   0.00881054
    0.0388304   0.00862447   0.00881093
    0.0388488   0.00862517   0.00881131
    0.0388669   0.00862589    0.0088117
    0.0388848   0.00862649   0.00881209
    0.0389025   0.00862707   0.00881248
      0.03892   0.00862764   0.00881288
    0.0389373   0.00862819   0.00881328
    0.0389545   0.00862872    0.0088137
    0.0389716   0.00862924   0.00881412
    0.0389886   0.00862976   0.00881455
    0.0390057   0.00863026   0.00881498
    0.0390228   0.00863076   0.00881543
    0.0390399   0.00863125   0.00881589
    0.0390573   0.00863174   0.00881635
    0.0390748   0.00863223   0.00881684
    0.0390926   0.00863272   0.00881733
    0.0391106    0.0086332   0.00881784
    0.0391289   0.00863369   0.00881837
    0.0391475   0.00863418   0.00881891
    0.0391662   0.00863466   0.00881947
    0.0391851   0.00863515   0.00882005
    0.0392041   0.00863563   0.00882064
    0.0392233   0.00863604   0.00882066
    0.0392428   0.00863652   0.00882589
    0.0392626   0.00863701   0.00882645
    0.0392826    0.0086375     0.008827
    0.0393028     0.008638   0.00882756
    0.0393233    0.0086385   0.00882811
     0.039344     0.008639   0.00882875
    0.0393649   0.00863951   0.00882938
     0.039386   0.00864003   0.00882999
    0.0394074   0.00864055    0.0088306
    0.0394289   0.00864108    0.0088312
    0.0394507   0.00864161   0.00883179
    0.0394728   0.00864215   0.00883236
    0.0394951    0.0086427   0.00883086
    0.0395178   0.00864326   0.00883157
    0.0395409   0.00864383   0.00883227
    0.0395643    0.0086444   0.00883297
    0.0395881   0.00864499   0.00883367
    0.0396124   0.00864559   0.00883436
    0.0396374   0.00864622   0.00883506
    0.0396623   0.00864684   0.00883574
     0.039687   0.00864747    0.0088364
    0.0397118    0.0086481   0.00883602
    0.0397366   0.00864874   0.00883699
    0.0397616    0.0086494   0.00883801
    0.0397869   0.00865006   0.00883907
    0.0398125   0.00865063   0.00884008
    0.0398385   0.00865121   0.00884102
     0.039865   0.00865181   0.00884466
    0.0398923   0.00865243   0.00884616
    0.0399203   0.00865307   0.00884756
    0.0399493   0.00865373   0.00884844
    0.0399794   0.00865443    0.0088493
    0.0400108   0.00865518   0.00885009
    0.0400436   0.00865596   0.00885061
    0.0400772   0.00865679   0.00885115
     0.040111   0.00865763   0.00885169
    0.0401439   0.00865847   0.00885222
    0.0401759   0.00865932   0.00885273
    0.0402069   0.00866017   0.00885323
    0.0402367   0.00866102   0.00885372
    0.0402653   0.00866188   0.00885419
    0.0402925   0.00866297   0.00885464
    0.0403185   0.00866378   0.00885508
    0.0403434   0.00866456    0.0088555
    0.0403671   0.00866532   0.00885592
    0.0403899   0.00866606   0.00885632
     0.040412   0.00866678   0.00885672
    0.0404334   0.00866748   0.00885711
    0.0404542   0.00866816   0.00885749
    0.0404745   0.00866884   0.00885787
    0.0404944   0.00866951   0.00885825
    0.0405139   0.00867017   0.00885862
     0.040533   0.00867084   0.00885899
    0.0405519    0.0086715   0.00885935
    0.0405705   0.00867218   0.00885972
    0.0405889   0.00867285   0.00886008
    0.0406071   0.00867357   0.00886044
     0.040625   0.00867423   0.00886081
    0.0406428   0.00867491   0.00886117
    0.0406604   0.00867563   0.00886154
    0.0406779   0.00867626   0.00886191
    0.0406952   0.00867685   0.00886228
    0.0407123   0.00867741   0.00886266
    0.0407294   0.00867797   0.00886305
    0.0407463   0.00867851   0.00886344
    0.0407632   0.00867904   0.00886384
      0.04078   0.00867955   0.00886425
    0.0407968   0.00868006   0.00886468
    0.0408137   0.00868056   0.00886511
    0.0408306   0.00868106   0.00886555
    0.0408477   0.00868155     0.008866
     0.040865   0.00868204   0.00886647
    0.0408825   0.00868253   0.00886695
    0.0409002   0.00868302   0.00886744
    0.0409182    0.0086835   0.00886795
    0.0409366   0.00868399   0.00886848
    0.0409551   0.00868448   0.00886903
    0.0409736   0.00868496   0.00886958
    0.0409924   0.00868544   0.00887016
    0.0410112   0.00868592   0.00887075
    0.0410303   0.00868632   0.00887077
    0.0410497    0.0086868   0.00887598
    0.0410692   0.00868729   0.00887653
     0.041089   0.00868777   0.00887708
    0.0411091   0.00868826   0.00887763
    0.0411294   0.00868876   0.00887819
    0.0411499   0.00868925   0.00887882
    0.0411706   0.00868975   0.00887945
    0.0411915   0.00869026   0.00888007
    0.0412127   0.00869077   0.00888067
    0.0412341   0.00869129   0.00888127
    0.0412556   0.00869181   0.00888185
    0.0412775   0.00869235   0.00888243
    0.0412996   0.00869289   0.00888094
    0.0413221   0.00869344   0.00888165
     0.041345     0.008694   0.00888236
    0.0413682   0.00869457   0.00888306
    0.0413918   0.00869515   0.00888376
     0.041416   0.00869574   0.00888446
    0.0414408   0.00869636   0.00888516
    0.0414655   0.00869698   0.00888585
      0.04149   0.00869759   0.00888651
    0.0415144   0.00869821   0.00888618
    0.0415388   0.00869884   0.00888716
    0.0415634   0.00869948   0.00888818
    0.0415882   0.00870011   0.00888924
    0.0416133   0.00870067   0.00889023
    0.0416387   0.00870124   0.00889117
    0.0416645   0.00870182   0.00889489
    0.0416909   0.00870242   0.00889636
    0.0417179   0.00870303   0.00889772
    0.0417457   0.00870367   0.00889858
    0.0417746   0.00870434   0.00889941
    0.0418046   0.00870504   0.00890013
    0.0418358   0.00870579   0.00890063
    0.0418679   0.00870657   0.00890115
    0.0419006   0.00870738   0.00890167
     0.041933   0.00870821   0.00890219
    0.0419646   0.00870904    0.0089027
    0.0419954   0.00870987   0.00890319
    0.0420252   0.00871072   0.00890367
    0.0420536   0.00871156   0.00890414
    0.0420808   0.00871239   0.00890459
    0.0421066   0.00871344   0.00890502
    0.0421312   0.00871422   0.00890543
    0.0421548   0.00871498   0.00890584
    0.0421776   0.00871571   0.00890623
    0.0421996   0.00871643   0.00890662
    0.0422209   0.00871713     0.008907
    0.0422417   0.00871782   0.00890738
     0.042262    0.0087185   0.00890776
    0.0422819   0.00871917   0.00890813
    0.0423015   0.00871985   0.00890849
    0.0423208   0.00872052   0.00890886
    0.0423397   0.00872119   0.00890922
    0.0423585   0.00872186   0.00890958
     0.042377   0.00872255   0.00890993
    0.0423952   0.00872327   0.00891029
    0.0424133   0.00872395   0.00891065
    0.0424311   0.00872463   0.00891101
    0.0424488   0.00872534   0.00891137
    0.0424663   0.00872603   0.00891173
    0.0424836   0.00872662    0.0089121
    0.0425008    0.0087272   0.00891247
    0.0425178   0.00872777   0.00891284
    0.0425346   0.00872831   0.00891323
    0.0425514   0.00872885   0.00891362
    0.0425681   0.00872937   0.00891401
    0.0425847   0.00872988   0.00891442
    0.0426013   0.00873038   0.00891484
     0.042618   0.00873088   0.00891527
    0.0426347   0.00873137    0.0089157
    0.0426516   0.00873185   0.00891615
    0.0426686   0.00873234   0.00891661
    0.0426859   0.00873282   0.00891709
    0.0427034    0.0087333   0.00891758
    0.0427212   0.00873378   0.00891809
    0.0427393   0.00873426   0.00891861
    0.0427577   0.00873474   0.00891915
    0.0427761   0.00873522    0.0089197
    0.0427947    0.0087357   0.00892027
    0.0428134   0.00873609   0.00892086
    0.0428325   0.00873657   0.00892088
    0.0428517   0.00873705   0.00892608
    0.0428712   0.00873753   0.00892662
    0.0428909   0.00873801   0.00892717
    0.0429109   0.00873849   0.00892772
    0.0429311   0.00873898   0.00892829
    0.0429515   0.00873947   0.00892892
    0.0429721   0.00873996   0.00892955
    0.0429929   0.00874046   0.00893016
    0.0430139   0.00874097   0.00893076
    0.0430351   0.00874148   0.00893135
    0.0430566     0.008742   0.00893193
    0.0430783   0.00874252   0.00893251
    0.0431003   0.00874306   0.00893104
    0.0431227    0.0087436   0.00893175
    0.0431454   0.00874415   0.00893245
    0.0431684   0.00874471   0.00893315
    0.0431919   0.00874528   0.00893385
    0.0432159   0.00874587   0.00893455
    0.0432401   0.00874647   0.00893523
     0.043264   0.00874706    0.0089359
    0.0432877   0.00874765   0.00893655
    0.0433114   0.00874824   0.00893623
    0.0433351   0.00874885   0.00893719
    0.0433589   0.00874946   0.00893819
    0.0433829   0.00875008   0.00893923
    0.0434073   0.00875061    0.0089402
     0.043432   0.00875116   0.00894113
     0.043457   0.00875172    0.0089448
    0.0434826    0.0087523   0.00894625
    0.0435088   0.00875289    0.0089476
    0.0435356    0.0087535   0.00894845
    0.0435632   0.00875413   0.00894927
    0.0435918    0.0087548   0.00895004
    0.0436215    0.0087555   0.00895051
     0.043652   0.00875624   0.00895101
    0.0436831   0.00875701   0.00895152
    0.0437142   0.00875779   0.00895202
    0.0437449   0.00875858   0.00895251
     0.043775   0.00875938     0.008953
    0.0438041   0.00876018   0.00895347
    0.0438321   0.00876098   0.00895392
    0.0438592   0.00876179   0.00895436
    0.0438852   0.00876285   0.00895479
    0.0439102   0.00876363   0.00895521
    0.0439344   0.00876439   0.00895561
    0.0439577   0.00876514   0.00895601
    0.0439803   0.00876587    0.0089564
    0.0440022   0.00876659   0.00895679
    0.0440235   0.00876729   0.00895717
    0.0440444   0.00876798   0.00895755
    0.0440649   0.00876867   0.00895792
     0.044085   0.00876935   0.00895829
    0.0441048   0.00877003   0.00895866
    0.0441243   0.00877072   0.00895903
    0.0441436   0.00877141   0.00895939
    0.0441626    0.0087721   0.00895976
    0.0441815   0.00877281   0.00896012
    0.0442003   0.00877356   0.00896049
    0.0442189   0.00877426   0.00896086
    0.0442372   0.00877496   0.00896123
    0.0442554   0.00877573    0.0089616
    0.0442734   0.00877637   0.00896198
    0.0442912   0.00877698   0.00896236
    0.0443088   0.00877757   0.00896274
    0.0443263   0.00877814   0.00896313
    0.0443436    0.0087787   0.00896353
    0.0443608   0.00877924   0.00896394
    0.0443779   0.00877977   0.00896435
    0.0443949   0.00878029   0.00896478
    0.0444119    0.0087808   0.00896521
     0.044429    0.0087813   0.00896565
    0.0444462   0.00878179   0.00896611
    0.0444635   0.00878229   0.00896657
    0.0444809   0.00878277   0.00896705
    0.0444986   0.00878326   0.00896754
    0.0445165   0.00878375   0.00896805
    0.0445348   0.00878423   0.00896857
    0.0445532   0.00878472    0.0089691
    0.0445717    0.0087852   0.00896965
    0.0445903   0.00878567   0.00897022
    0.0446091   0.00878607    0.0089708
    0.0446281   0.00878655   0.00897082
    0.0446472   0.00878702   0.00897602
    0.0446667    0.0087875   0.00897656
    0.0446864   0.00878798   0.00897711
    0.0447064   0.00878846   0.00897765
    0.0447266   0.00878895   0.00897821
     0.044747   0.00878944   0.00897885
    0.0447677   0.00878993   0.00897948
    0.0447886   0.00879043   0.00898009
    0.0448098   0.00879094    0.0089807
    0.0448312   0.00879145    0.0089813
    0.0448528   0.00879198   0.00898189
    0.0448747    0.0087925   0.00898247
    0.0448969   0.00879304   0.00898099
    0.0449194   0.00879358   0.00898171
    0.0449421   0.00879414   0.00898241
    0.0449653    0.0087947   0.00898312
     0.044989   0.00879527   0.00898382
     0.045013   0.00879586   0.00898452
    0.0450372   0.00879645   0.00898521
     0.045061   0.00879704   0.00898588
    0.0450847   0.00879762   0.00898653
    0.0451082   0.00879821   0.00898618
    0.0451317   0.00879881   0.00898713
    0.0451553   0.00879941   0.00898812
    0.0451792   0.00880003   0.00898915
    0.0452033   0.00880055   0.00899012
    0.0452276   0.00880109   0.00899104
    0.0452524   0.00880164   0.00899462
    0.0452775    0.0088022   0.00899607
    0.0453032   0.00880277   0.00899741
    0.0453294   0.00880337   0.00899826
    0.0453562   0.00880398   0.00899907
    0.0453839   0.00880461   0.00899987
    0.0454124   0.00880528   0.00900038
    0.0454418   0.00880598   0.00900086
    0.0454718   0.00880671   0.00900135
    0.0455022   0.00880746   0.00900185
    0.0455323   0.00880823   0.00900233
    0.0455621     0.008809   0.00900281
    0.0455911   0.00880979   0.00900328
    0.0456192   0.00881058   0.00900373
    0.0456464   0.00881137   0.00900417
    0.0456728   0.00881217    0.0090046
    0.0456981    0.0088132   0.00900502
    0.0457226   0.00881396   0.00900543
    0.0457462   0.00881471   0.00900583
    0.0457691   0.00881544   0.00900622
    0.0457912   0.00881616   0.00900661
    0.0458128   0.00881686   0.00900699
    0.0458338   0.00881754   0.00900737
    0.0458545   0.00881822   0.00900774
    0.0458747    0.0088189   0.00900811
    0.0458946   0.00881957   0.00900848
    0.0459142   0.00882025   0.00900884
    0.0459335   0.00882093   0.00900921
    0.0459526   0.00882161   0.00900957
    0.0459715    0.0088223   0.00900993
    0.0459903   0.00882305    0.0090103
    0.0460087   0.00882374   0.00901066
    0.0460271   0.00882443   0.00901103
    0.0460452   0.00882513   0.00901139
    0.0460631   0.00882587   0.00901176
    0.0460808   0.00882648   0.00901213
    0.0460984   0.00882708   0.00901251
    0.0461158   0.00882766   0.00901289
    0.0461331   0.00882822   0.00901328
    0.0461502   0.00882877   0.00901368
    0.0461672    0.0088293   0.00901409
    0.0461842   0.00882982    0.0090145
    0.0462011   0.00883034   0.00901492
    0.0462181   0.00883084   0.00901536
    0.0462351   0.00883134    0.0090158
    0.0462523   0.00883184   0.00901625
    0.0462697   0.00883233   0.00901672
    0.0462872   0.00883281    0.0090172
     0.046305    0.0088333   0.00901769
     0.046323   0.00883379    0.0090182
    0.0463414   0.00883427   0.00901872
    0.0463598   0.00883476   0.00901926
    0.0463784   0.00883524   0.00901981
    0.0463972   0.00883572   0.00902038
     0.046416   0.00883612    0.0090209
    0.0464351   0.00883659   0.00902562
    0.0464545   0.00883707   0.00902617
    0.0464741   0.00883755   0.00902671
    0.0464939   0.00883803   0.00902725
    0.0465139   0.00883852   0.00902779
    0.0465342     0.008839   0.00902837
    0.0465547   0.00883949     0.009029
    0.0465754   0.00883999   0.00902962
    0.0465965   0.00884049   0.00903023
    0.0466177     0.008841   0.00903083
    0.0466391   0.00884152   0.00903141
    0.0466608   0.00884204   0.00903199
    0.0466828   0.00884257   0.00903256
     0.046705    0.0088431    0.0090311
    0.0467276   0.00884365   0.00903181
    0.0467505    0.0088442    0.0090325
    0.0467739   0.00884476    0.0090332
    0.0467976   0.00884534    0.0090339
    0.0468217   0.00884592   0.00903459
    0.0468456   0.00884651   0.00903526
    0.0468691   0.00884709   0.00903591
    0.0468925   0.00884766   0.00903654
    0.0469158   0.00884825   0.00903618
    0.0469394   0.00884884   0.00903712
    0.0469631   0.00884945    0.0090381
     0.046987   0.00885006   0.00903912
    0.0470111   0.00885058   0.00904009
    0.0470356   0.00885112     0.009041
    0.0470605   0.00885167   0.00904455
    0.0470859   0.00885224   0.00904599
    0.0471117   0.00885281   0.00904732
    0.0471382    0.0088534   0.00904818
    0.0471654   0.00885402   0.00904899
    0.0471935   0.00885466   0.00904979
    0.0472224   0.00885534   0.00905034
    0.0472523   0.00885605   0.00905083
    0.0472828   0.00885678   0.00905132
    0.0473137   0.00885754   0.00905182
    0.0473442   0.00885831    0.0090523
    0.0473744    0.0088591   0.00905278
    0.0474039   0.00885989   0.00905325
    0.0474324   0.00886069   0.00905371
      0.04746   0.00886149   0.00905416
    0.0474865   0.00886229   0.00905459
    0.0475121   0.00886333   0.00905502
    0.0475368   0.00886409   0.00905543
    0.0475605   0.00886483   0.00905584
    0.0475835   0.00886556   0.00905623
    0.0476056   0.00886626   0.00905662
    0.0476272   0.00886695   0.00905701
    0.0476482   0.00886763   0.00905739
    0.0476688    0.0088683   0.00905776
    0.0476889   0.00886897   0.00905813
    0.0477087   0.00886963    0.0090585
    0.0477283    0.0088703   0.00905887
    0.0477475   0.00887097   0.00905923
    0.0477666   0.00887164   0.00905959
    0.0477854   0.00887232   0.00905995
     0.047804   0.00887305   0.00906032
    0.0478223   0.00887372   0.00906068
    0.0478404    0.0088744   0.00906104
    0.0478584   0.00887509    0.0090614
    0.0478761   0.00887581   0.00906177
    0.0478937   0.00887641   0.00906214
    0.0479111     0.008877   0.00906251
    0.0479284   0.00887757   0.00906289
    0.0479455   0.00887812   0.00906328
    0.0479626   0.00887866   0.00906367
    0.0479796   0.00887919   0.00906408
    0.0479966    0.0088797   0.00906449
    0.0480135   0.00888021   0.00906491
    0.0480305   0.00888071   0.00906535
    0.0480475   0.00888121   0.00906579
    0.0480646   0.00888169   0.00906624
    0.0480819   0.00888218    0.0090667
    0.0480993   0.00888266   0.00906717
    0.0481171   0.00888314   0.00906766
     0.048135   0.00888362   0.00906816
    0.0481533    0.0088841   0.00906868
    0.0481716   0.00888458   0.00906921
    0.0481901   0.00888505   0.00906976
    0.0482087   0.00888553   0.00907032
    0.0482276   0.00888592    0.0090709
    0.0482466   0.00888639   0.00907092
    0.0482659   0.00888687    0.0090761
    0.0482854   0.00888734   0.00907663
    0.0483051   0.00888782   0.00907717
     0.048325   0.00888829    0.0090777
    0.0483452   0.00888878   0.00907826
    0.0483657   0.00888926   0.00907888
    0.0483863   0.00888976   0.00907949
    0.0484073   0.00889026    0.0090801
    0.0484283   0.00889076   0.00908069
    0.0484495   0.00889127   0.00908127
     0.048471   0.00889178   0.00908184
    0.0484929   0.00889231    0.0090824
     0.048515   0.00889284   0.00908287
    0.0485375   0.00889338   0.00908159
      0.04856   0.00889392   0.00908228
    0.0485833   0.00889448   0.00908297
    0.0486069   0.00889505   0.00908366
    0.0486305   0.00889562   0.00908433
    0.0486545   0.00889621     0.009085
    0.0486781   0.00889679   0.00908565
    0.0487017   0.00889737   0.00908628
    0.0487253   0.00889795    0.0090869
    0.0487489   0.00889855   0.00908671
    0.0487725   0.00889914   0.00908766
    0.0487966   0.00889976   0.00908866
    0.0488207   0.00890033   0.00908964
    0.0488447   0.00890085   0.00909055
    0.0488693   0.00890139   0.00909142
    0.0488944   0.00890195   0.00909523
    0.0489196    0.0089025   0.00909657
    0.0489453   0.00890307   0.00909783
    0.0489717   0.00890366   0.00909862
    0.0489995   0.00890429   0.00909939
     0.049028   0.00890495   0.00910009
    0.0490575   0.00890563   0.00910055
    0.0490879   0.00890635   0.00910103
    0.0491194   0.00890711   0.00910152
    0.0491508   0.00890789   0.00910201
    0.0491811   0.00890865   0.00910249
    0.0492115   0.00890945   0.00910296
    0.0492407   0.00891024   0.00910342
    0.0492688   0.00891103   0.00910387
    0.0492959   0.00891182    0.0091043
     0.049322   0.00891286   0.00910472
    0.0493471   0.00891362   0.00910513
    0.0493712   0.00891437   0.00910553
    0.0493945   0.00891509   0.00910592
     0.049417    0.0089158   0.00910631
    0.0494394    0.0089165    0.0091067
    0.0494609   0.00891719   0.00910708
    0.0494817   0.00891785   0.00910745
    0.0495024   0.00891852   0.00910782
    0.0495223   0.00891917   0.00910818
    0.0495422   0.00891983   0.00910855
    0.0495613   0.00892047   0.00910891
    0.0495804   0.00892113   0.00910927
    0.0495994   0.00892179   0.00910963
    0.0496176   0.00892244   0.00910997
    0.0496359   0.00892315   0.00911032
    0.0496541    0.0089238   0.00911068
    0.0496723   0.00892447   0.00911104
    0.0496895   0.00892512   0.00911139
    0.0497068   0.00892581   0.00911174
     0.049724   0.00892639    0.0091121
    0.0497413   0.00892696   0.00911247
    0.0497585   0.00892752   0.00911284
    0.0497758   0.00892806   0.00911323
    0.0497918   0.00892856    0.0091136
    0.0498078   0.00892905   0.00911398
    0.0498238   0.00892953   0.00911437
    0.0498398      0.00893   0.00911476
    0.0498558   0.00893047   0.00911517
    0.0498719   0.00893093   0.00911557
    0.0498879   0.00893138   0.00911599
    0.0499039   0.00893182   0.00911641
    0.0499199   0.00893226   0.00911684
    0.0499359   0.00893269   0.00911727
    0.0499519   0.00893312   0.00911771
     0.049968   0.00893354   0.00911816
     0.049984   0.00893396   0.00911861
         0.05   0.00893437   0.00911907
