#        Time  min max
            1            (-0.0999922 4.92904e-07 -0.0249897)            (0.0707042 0.096451 0.0249897)
            2            (-0.0999922 4.92904e-07 -0.0249897)            (0.0707042 0.096451 0.0249897)
            3            (-0.0999922 4.92904e-07 -0.0249897)            (0.0707042 0.096451 0.0249897)
            4            (-0.0999922 4.92904e-07 -0.0249897)            (0.0707042 0.096451 0.0249897)
            5            (-0.0999922 4.92904e-07 -0.0249897)            (0.0707042 0.096451 0.0249897)
            6            (-0.0999922 4.92904e-07 -0.0249897)            (0.0707042 0.096451 0.0249897)
            7            (-0.0999922 4.92904e-07 -0.0249897)            (0.0707042 0.096451 0.0249897)
            8            (-0.0999922 4.92904e-07 -0.0249897)            (0.0707042 0.096451 0.0249897)
            9            (-0.0999922 4.92904e-07 -0.0249897)            (0.0707042 0.096451 0.0249897)
           10            (-0.0999922 4.92904e-07 -0.0249897)            (0.0707042 0.096451 0.0249897)
           11            (-0.0999922 4.92904e-07 -0.0249897)            (0.0707042 0.096451 0.0249897)
           12            (-0.0999922 4.92904e-07 -0.0249897)            (0.0707042 0.096451 0.0249897)
           13            (-0.0999922 4.92904e-07 -0.0249897)            (0.0707042 0.096451 0.0249897)
           14            (-0.0999922 4.92904e-07 -0.0249897)            (0.0707042 0.096451 0.0249897)
           15            (-0.0999922 4.92904e-07 -0.0249897)            (0.0707042 0.096451 0.0249897)
           16            (-0.0999922 4.92904e-07 -0.0249897)            (0.0707042 0.096451 0.0249897)
           17            (-0.0999922 4.92904e-07 -0.0249897)            (0.0707042 0.096451 0.0249897)
           18            (-0.0999922 4.92904e-07 -0.0249897)            (0.0707042 0.096451 0.0249897)
           19            (-0.0999922 4.92904e-07 -0.0249897)            (0.0707042 0.096451 0.0249897)
           20            (-0.0999922 4.92904e-07 -0.0249897)            (0.0707042 0.096451 0.0249897)
           21            (-0.0999922 4.92904e-07 -0.0249897)            (0.0707042 0.096451 0.0249897)
           22            (-0.0999922 4.92904e-07 -0.0249897)            (0.0707042 0.096451 0.0249897)
           23            (-0.0999922 4.92904e-07 -0.0249897)            (0.0707042 0.096451 0.0249897)
           24            (-0.0999922 4.92904e-07 -0.0249897)            (0.0707042 0.096451 0.0249897)
           25            (-0.0999922 4.92904e-07 -0.0249897)            (0.0707042 0.096451 0.0249897)
           26            (-0.0999922 4.92904e-07 -0.0249897)            (0.0707042 0.096451 0.0249897)
           27            (-0.0999922 4.92904e-07 -0.0249897)            (0.0707042 0.096451 0.0249897)
           28            (-0.0999922 4.92904e-07 -0.0249897)            (0.0707042 0.096451 0.0249897)
           29            (-0.0999922 4.92904e-07 -0.0249897)            (0.0707042 0.096451 0.0249897)
           30            (-0.0999922 4.92904e-07 -0.0249897)            (0.0707042 0.096451 0.0249897)
           31            (-0.0999922 4.92904e-07 -0.0249897)            (0.0707042 0.096451 0.0249897)
           32            (-0.0999922 4.92904e-07 -0.0249897)            (0.0707042 0.096451 0.0249897)
           33            (-0.0999922 4.92904e-07 -0.0249897)            (0.0707042 0.096451 0.0249897)
           34            (-0.0999922 4.92904e-07 -0.0249897)            (0.0707042 0.096451 0.0249897)
           35            (-0.0999922 4.92904e-07 -0.0249897)            (0.0707042 0.096451 0.0249897)
           36            (-0.0999922 4.92904e-07 -0.0249897)            (0.0707042 0.096451 0.0249897)
           37            (-0.0999922 4.92904e-07 -0.0249897)            (0.0707042 0.096451 0.0249897)
           38            (-0.0999922 4.92904e-07 -0.0249897)            (0.0707042 0.096451 0.0249897)
           39            (-0.0999922 4.92904e-07 -0.0249897)            (0.0707042 0.096451 0.0249897)
           40            (-0.0999922 4.92904e-07 -0.0249897)            (0.0707042 0.096451 0.0249897)
           41            (-0.0999922 4.92904e-07 -0.0249897)            (0.0707042 0.096451 0.0249897)
           42            (-0.0999922 4.92904e-07 -0.0249897)            (0.0707042 0.096451 0.0249897)
           43            (-0.0999922 4.92904e-07 -0.0249897)            (0.0707042 0.096451 0.0249897)
           44            (-0.0999922 4.92904e-07 -0.0249897)            (0.0707042 0.096451 0.0249897)
           45            (-0.0999922 4.92904e-07 -0.0249897)            (0.0707042 0.096451 0.0249897)
           46            (-0.0999922 4.92904e-07 -0.0249897)            (0.0707042 0.096451 0.0249897)
           47            (-0.0999922 4.92904e-07 -0.0249897)            (0.0707042 0.096451 0.0249897)
           48            (-0.0999922 4.92904e-07 -0.0249897)            (0.0707042 0.096451 0.0249897)
           49            (-0.0999922 4.92904e-07 -0.0249897)            (0.0707042 0.096451 0.0249897)
           50            (-0.0999922 4.92904e-07 -0.0249897)            (0.0707042 0.096451 0.0249897)
           51            (-0.0999922 4.92904e-07 -0.0249897)            (0.0707042 0.096451 0.0249897)
           52            (-0.0999922 4.92904e-07 -0.0249897)            (0.0707042 0.096451 0.0249897)
           53            (-0.0999922 4.92904e-07 -0.0249897)            (0.0707042 0.096451 0.0249897)
           54            (-0.0999922 4.92904e-07 -0.0249897)            (0.0707042 0.096451 0.0249897)
           55            (-0.0999922 4.92904e-07 -0.0249897)            (0.0707042 0.096451 0.0249897)
           56            (-0.0999922 4.92904e-07 -0.0249897)            (0.0707042 0.096451 0.0249897)
           57            (-0.0999922 4.92904e-07 -0.0249897)            (0.0707042 0.096451 0.0249897)
           58            (-0.0999922 4.92904e-07 -0.0249897)            (0.0707042 0.096451 0.0249897)
           59            (-0.0999922 4.92904e-07 -0.0249897)            (0.0707042 0.096451 0.0249897)
           60            (-0.0999922 4.92904e-07 -0.0249897)            (0.0707042 0.096451 0.0249897)
           61            (-0.0999922 4.92904e-07 -0.0249897)            (0.0707042 0.096451 0.0249897)
           62            (-0.0999922 4.92904e-07 -0.0249897)            (0.0707042 0.096451 0.0249897)
           63            (-0.0999922 4.92904e-07 -0.0249897)            (0.0707042 0.096451 0.0249897)
           64            (-0.0999922 4.92904e-07 -0.0249897)            (0.0707042 0.096451 0.0249897)
           65            (-0.0999922 4.92904e-07 -0.0249897)            (0.0707042 0.096451 0.0249897)
           66            (-0.0999922 4.92904e-07 -0.0249897)            (0.0707042 0.096451 0.0249897)
           67            (-0.0999922 4.92904e-07 -0.0249897)            (0.0707042 0.096451 0.0249897)
           68            (-0.0999922 4.92904e-07 -0.0249897)            (0.0707042 0.096451 0.0249897)
           69            (-0.0999922 4.92904e-07 -0.0249897)            (0.0707042 0.096451 0.0249897)
           70            (-0.0999922 4.92904e-07 -0.0249897)            (0.0707042 0.096451 0.0249897)
           71            (-0.0999922 4.92904e-07 -0.0249897)            (0.0707042 0.096451 0.0249897)
           72            (-0.0999922 4.92904e-07 -0.0249897)            (0.0707042 0.096451 0.0249897)
           73            (-0.0999922 4.92904e-07 -0.0249897)            (0.0707042 0.096451 0.0249897)
           74            (-0.0999922 4.92904e-07 -0.0249897)            (0.0707042 0.096451 0.0249897)
           75            (-0.0999922 4.92904e-07 -0.0249897)            (0.0707042 0.096451 0.0249897)
           76            (-0.0999922 4.92904e-07 -0.0249897)            (0.0707042 0.096451 0.0249897)
           77            (-0.0999922 4.92904e-07 -0.0249897)            (0.0707042 0.096451 0.0249897)
           78            (-0.0999922 4.92904e-07 -0.0249897)            (0.0707042 0.096451 0.0249897)
           79            (-0.0999922 4.92904e-07 -0.0249897)            (0.0707042 0.096451 0.0249897)
           80            (-0.0999922 4.92904e-07 -0.0249897)            (0.0707042 0.096451 0.0249897)
           81            (-0.0999922 4.92904e-07 -0.0249897)            (0.0707042 0.096451 0.0249897)
           82            (-0.0999922 4.92904e-07 -0.0249897)            (0.0707042 0.096451 0.0249897)
           83            (-0.0999922 4.92904e-07 -0.0249897)            (0.0707042 0.096451 0.0249897)
           84            (-0.0999922 4.92904e-07 -0.0249897)            (0.0707042 0.096451 0.0249897)
           85            (-0.0999922 4.92904e-07 -0.0249897)            (0.0707042 0.096451 0.0249897)
           86            (-0.0999922 4.92904e-07 -0.0249897)            (0.0707042 0.096451 0.0249897)
           87            (-0.0999922 4.92904e-07 -0.0249897)            (0.0707042 0.096451 0.0249897)
           88            (-0.0999922 4.92904e-07 -0.0249897)            (0.0707042 0.096451 0.0249897)
           89            (-0.0999922 4.92904e-07 -0.0249897)            (0.0707042 0.096451 0.0249897)
           90            (-0.0999922 4.92904e-07 -0.0249897)            (0.0707042 0.096451 0.0249897)
           91            (-0.0999922 4.92904e-07 -0.0249897)            (0.0707042 0.096451 0.0249897)
           92            (-0.0999922 4.92904e-07 -0.0249897)            (0.0707042 0.096451 0.0249897)
           93            (-0.0999922 4.92904e-07 -0.0249897)            (0.0707042 0.096451 0.0249897)
           94            (-0.0999922 4.92904e-07 -0.0249897)            (0.0707042 0.096451 0.0249897)
           95            (-0.0999922 4.92904e-07 -0.0249897)            (0.0707042 0.096451 0.0249897)
           96            (-0.0999922 4.92904e-07 -0.0249897)            (0.0707042 0.096451 0.0249897)
           97            (-0.0999922 4.92904e-07 -0.0249897)            (0.0707042 0.096451 0.0249897)
           98            (-0.0999922 4.92904e-07 -0.0249897)            (0.0707042 0.096451 0.0249897)
           99            (-0.0999922 4.92904e-07 -0.0249897)            (0.0707042 0.096451 0.0249897)
          100            (-0.0999922 4.92904e-07 -0.0249897)            (0.0707042 0.096451 0.0249897)
