#        Time  average
            1      1779.25
            2       829.02
            3      1253.57
            4      1517.46
            5      1579.91
            6       1643.3
            7      1670.56
            8      1683.21
            9      1687.89
           10      1688.07
           11      1685.64
           12      1681.35
           13      1673.39
           14      1667.08
           15       1660.7
           16      1653.82
           17      1647.38
           18      1641.23
           19       1635.7
           20       1630.7
           21      1626.32
           22      1622.52
           23      1619.26
           24       1616.5
           25      1614.16
           26      1612.23
           27      1610.61
           28      1609.29
           29      1608.22
           30      1607.35
           31      1606.65
           32      1606.08
           33      1605.64
           34      1605.28
           35      1605.03
           36      1604.76
           37      1604.64
           38      1604.45
           39      1604.37
           40      1604.28
           41      1604.22
           42      1604.17
           43      1604.14
           44      1604.11
           45      1604.09
           46      1604.07
           47      1604.06
           48      1604.05
           49      1604.05
           50      1604.04
           51      1604.04
           52      1604.04
           53      1604.04
           54      1604.03
           55      1604.04
           56      1604.04
           57      1604.04
           58      1604.04
           59      1604.04
           60      1604.04
           61      1604.05
           62      1604.04
           63      1604.05
           64      1604.05
           65      1604.05
           66      1604.05
           67      1604.05
           68      1604.05
           69      1604.05
           70      1604.05
           71      1604.05
           72      1604.05
           73      1604.05
           74      1604.06
           75      1604.06
           76      1604.06
           77      1604.06
           78      1604.06
           79      1604.06
           80      1604.06
           81      1604.06
           82      1604.06
           83      1604.06
           84      1604.06
           85      1604.06
           86      1604.06
           87      1604.06
           88      1604.06
           89      1604.06
           90      1604.06
           91      1604.06
           92      1604.06
           93      1604.06
           94      1604.06
           95      1604.06
           96      1604.06
           97      1604.06
           98      1604.06
           99      1604.06
          100      1604.06
