#        Time  min
            1   -0.0118603
            2   -0.0113449
            3   -0.0124995
            4    -0.011345
            5  -0.00965044
            6  -0.00764097
            7  -0.00537911
            8  -0.00288613
            9 -0.000202553
           10   0.00264185
           11   0.00560402
           12    0.0086291
           13    0.0116485
           14    0.0145851
           15    0.0174008
           16    0.0200269
           17    0.0224064
           18    0.0244904
           19     0.026242
           20    0.0276379
           21    0.0286696
           22    0.0293438
           23    0.0296835
           24    0.0297189
           25    0.0294858
           26    0.0290229
           27    0.0283674
           28    0.0275546
           29     0.026616
           30    0.0255797
           31    0.0244698
           32    0.0233075
           33    0.0221109
           34    0.0208961
           35    0.0196774
           36      0.01846
           37    0.0172693
           38    0.0161007
           39    0.0149738
           40    0.0138885
           41    0.0128502
           42    0.0118631
           43    0.0109301
           44    0.0100531
           45    0.0092329
           46   0.00846953
           47   0.00776229
           48   0.00710988
           49   0.00651048
           50    0.0059619
           51   0.00546163
           52   0.00500696
           53   0.00459532
           54   0.00422264
           55   0.00388771
           56   0.00358696
           57   0.00331688
           58   0.00307588
           59   0.00286096
           60   0.00266925
           61   0.00249921
           62   0.00234833
           63   0.00221475
           64   0.00209666
           65   0.00199242
           66   0.00190055
           67   0.00181969
           68   0.00174861
           69   0.00168621
           70   0.00163151
           71   0.00158359
           72   0.00154168
           73   0.00150505
           74   0.00147308
           75   0.00144519
           76    0.0014209
           77   0.00139975
           78   0.00138135
           79   0.00136537
           80   0.00135149
           81   0.00133945
           82   0.00132902
           83   0.00131998
           84   0.00131216
           85    0.0013054
           86   0.00129956
           87   0.00129451
           88   0.00129016
           89   0.00128641
           90   0.00128318
           91   0.00128041
           92   0.00127802
           93   0.00127596
           94    0.0012742
           95   0.00127269
           96   0.00127139
           97   0.00127028
           98   0.00126933
           99   0.00126852
          100   0.00126783
