#        Time  min max
            1            (-0.149507 0.000576716 -0.0243121)            (0.140129 0.175485 0.0243122)
            2            (-0.148811 0.00077761 -0.0243209)            (0.140035 0.17539 0.02432)
            3            (-0.148786 0.000767914 -0.0242982)            (0.140014 0.17537 0.0242976)
            4            (-0.148766 0.000784858 -0.0238894)            (0.139997 0.175353 0.0238899)
            5            (-0.148755 0.000795291 -0.0238756)            (0.139982 0.175338 0.0238759)
            6            (-0.148751 0.000798023 -0.0238718)            (0.139968 0.175323 0.023872)
            7            (-0.148748 0.000800344 -0.0238683)            (0.139954 0.175309 0.0238684)
            8            (-0.148747 0.000801557 -0.0238663)            (-0.00735554 0.0345448 0.0238663)
            9            (-0.148746 0.000802295 -0.023865)            (-0.00741552 0.0345399 0.023865)
           10            (-0.148746 0.000802744 -0.0238642)            (-0.00748498 0.0345397 0.0238642)
           11            (-0.148745 0.00080301 -0.0238638)            (-0.00755972 0.0345395 0.0238638)
           12            (-0.148745 0.000803164 -0.0238636)            (-0.00763745 0.0345395 0.0238635)
           13            (-0.148745 0.000803341 -0.0238634)            (-0.00772237 0.0345394 0.0238633)
           14            (-0.148745 0.000803232 -0.0238635)            (-0.00781175 0.0345396 0.0238634)
           15            (-0.148745 0.00080306 -0.0238637)            (-0.00806288 0.0345397 0.0238637)
           16            (-0.148745 0.000802881 -0.0238639)            (-0.0079825 0.0345399 0.0238639)
           17            (-0.148745 0.000802679 -0.0238642)            (-0.00803721 0.03454 0.0238642)
           18            (-0.148745 0.000802483 -0.0238645)            (-0.008109 0.0345402 0.0238645)
           19            (-0.148745 0.000802291 -0.0238648)            (-0.00816335 0.0345404 0.0238648)
           20            (-0.148745 0.000802115 -0.023865)            (-0.00821316 0.0345405 0.023865)
           21            (-0.148745 0.000801953 -0.0238652)            (-0.00822687 0.0345406 0.0238652)
           22            (-0.148745 0.000801807 -0.0238654)            (-0.00824119 0.0345408 0.0238654)
           23            (-0.148745 0.000801678 -0.0238656)            (-0.00825653 0.0345409 0.0238656)
           24            (-0.148745 0.000801565 -0.0238658)            (-0.00827209 0.034541 0.0238658)
           25            (-0.148746 0.000801467 -0.0238659)            (-0.00827997 0.0345411 0.0238659)
           26            (-0.148746 0.000801381 -0.023866)            (-0.00828724 0.0345411 0.023866)
           27            (-0.148746 0.000801308 -0.0238661)            (-0.00830089 0.0345412 0.0238661)
           28            (-0.148746 0.000801245 -0.0238662)            (-0.00831317 0.0345412 0.0238662)
           29            (-0.148746 0.000801192 -0.0238663)            (-0.00832405 0.0345413 0.0238663)
           30            (-0.148746 0.000801147 -0.0238663)            (-0.00833353 0.0345413 0.0238663)
           31            (-0.148746 0.000801108 -0.0238664)            (-0.00834169 0.0345414 0.0238664)
           32            (-0.148746 0.000801076 -0.0238664)            (-0.00834832 0.0345414 0.0238664)
           33            (-0.148746 0.000801048 -0.0238665)            (-0.00835247 0.0345414 0.0238665)
           34            (-0.148746 0.000801024 -0.0238665)            (-0.00835598 0.0345414 0.0238665)
           35            (-0.148746 0.000801004 -0.0238665)            (-0.00835876 0.0345414 0.0238665)
           36            (-0.148746 0.000800988 -0.0238666)            (-0.00836138 0.0345415 0.0238666)
           37            (-0.148746 0.00080097 -0.0238666)            (-0.00836328 0.0345415 0.0238666)
           38            (-0.148746 0.00080096 -0.0238666)            (-0.00836503 0.0345415 0.0238666)
           39            (-0.148746 0.000800947 -0.0238666)            (-0.00836631 0.0345415 0.0238666)
           40            (-0.148746 0.000800939 -0.0238666)            (-0.00836734 0.0345415 0.0238666)
           41            (-0.148746 0.00080093 -0.0238666)            (-0.00836813 0.0345415 0.0238666)
           42            (-0.148746 0.000800923 -0.0238666)            (-0.00836873 0.0345415 0.0238666)
           43            (-0.148746 0.000800917 -0.0238667)            (-0.00836916 0.0345415 0.0238667)
           44            (-0.148746 0.000800912 -0.0238667)            (-0.00836947 0.0345415 0.0238667)
           45            (-0.148746 0.000800907 -0.0238667)            (-0.00836968 0.0345415 0.0238667)
           46            (-0.148746 0.000800903 -0.0238667)            (-0.0083698 0.0345415 0.0238667)
           47            (-0.148746 0.0008009 -0.0238667)            (-0.00836986 0.0345415 0.0238667)
           48            (-0.148746 0.000800897 -0.0238667)            (-0.00836987 0.0345415 0.0238667)
           49            (-0.148746 0.000800894 -0.0238667)            (-0.00836984 0.0345415 0.0238667)
           50            (-0.148746 0.000800892 -0.0238667)            (-0.00836978 0.0345415 0.0238667)
           51            (-0.148746 0.00080089 -0.0238667)            (-0.0083697 0.0345415 0.0238667)
           52            (-0.148746 0.000800888 -0.0238667)            (-0.00836961 0.0345415 0.0238667)
           53            (-0.148746 0.000800887 -0.0238667)            (-0.00836951 0.0345415 0.0238667)
           54            (-0.148746 0.000800886 -0.0238667)            (-0.00836941 0.0345415 0.0238667)
           55            (-0.148746 0.000800884 -0.0238667)            (-0.00836929 0.0345415 0.0238667)
           56            (-0.148746 0.000800884 -0.0238667)            (-0.00836919 0.0345415 0.0238667)
           57            (-0.148746 0.000800883 -0.0238667)            (-0.00836909 0.0345416 0.0238667)
           58            (-0.148746 0.000800882 -0.0238667)            (-0.00836899 0.0345416 0.0238667)
           59            (-0.148746 0.000800882 -0.0238667)            (-0.0083689 0.0345416 0.0238667)
           60            (-0.148746 0.000800881 -0.0238667)            (-0.00836882 0.0345416 0.0238667)
           61            (-0.148746 0.000800881 -0.0238667)            (-0.00836873 0.0345416 0.0238667)
           62            (-0.148746 0.00080088 -0.0238667)            (-0.00836866 0.0345416 0.0238667)
           63            (-0.148746 0.00080088 -0.0238667)            (-0.00836859 0.0345416 0.0238667)
           64            (-0.148746 0.00080088 -0.0238667)            (-0.00836852 0.0345416 0.0238667)
           65            (-0.148746 0.00080088 -0.0238667)            (-0.00836847 0.0345416 0.0238667)
           66            (-0.148746 0.000800879 -0.0238667)            (-0.00836841 0.0345416 0.0238667)
           67            (-0.148746 0.000800879 -0.0238667)            (-0.00836837 0.0345416 0.0238667)
           68            (-0.148746 0.000800879 -0.0238667)            (-0.00836832 0.0345416 0.0238667)
           69            (-0.148746 0.000800879 -0.0238667)            (-0.00836828 0.0345416 0.0238667)
           70            (-0.148746 0.000800879 -0.0238667)            (-0.00836825 0.0345416 0.0238667)
           71            (-0.148746 0.000800879 -0.0238667)            (-0.00836822 0.0345416 0.0238667)
           72            (-0.148746 0.000800879 -0.0238667)            (-0.00836819 0.0345416 0.0238667)
           73            (-0.148746 0.000800879 -0.0238667)            (-0.00836817 0.0345416 0.0238667)
           74            (-0.148746 0.000800879 -0.0238667)            (-0.00836815 0.0345416 0.0238667)
           75            (-0.148746 0.000800879 -0.0238667)            (-0.00836813 0.0345416 0.0238667)
           76            (-0.148746 0.000800879 -0.0238667)            (-0.00836811 0.0345416 0.0238667)
           77            (-0.148746 0.000800879 -0.0238667)            (-0.00836809 0.0345416 0.0238667)
           78            (-0.148746 0.000800879 -0.0238667)            (-0.00836808 0.0345416 0.0238667)
           79            (-0.148746 0.000800879 -0.0238667)            (-0.00836807 0.0345416 0.0238667)
           80            (-0.148746 0.000800879 -0.0238667)            (-0.00836806 0.0345416 0.0238667)
           81            (-0.148746 0.000800879 -0.0238667)            (-0.00836805 0.0345416 0.0238667)
           82            (-0.148746 0.000800879 -0.0238667)            (-0.00836804 0.0345416 0.0238667)
           83            (-0.148746 0.000800879 -0.0238667)            (-0.00836804 0.0345416 0.0238667)
           84            (-0.148746 0.000800879 -0.0238667)            (-0.00836803 0.0345416 0.0238667)
           85            (-0.148746 0.000800879 -0.0238667)            (-0.00836802 0.0345416 0.0238667)
           86            (-0.148746 0.000800879 -0.0238667)            (-0.00836802 0.0345416 0.0238667)
           87            (-0.148746 0.000800879 -0.0238667)            (-0.00836802 0.0345416 0.0238667)
           88            (-0.148746 0.000800879 -0.0238667)            (-0.00836801 0.0345416 0.0238667)
           89            (-0.148746 0.000800879 -0.0238667)            (-0.00836801 0.0345416 0.0238667)
           90            (-0.148746 0.000800879 -0.0238667)            (-0.00836801 0.0345416 0.0238667)
           91            (-0.148746 0.000800879 -0.0238667)            (-0.008368 0.0345416 0.0238667)
           92            (-0.148746 0.000800879 -0.0238667)            (-0.008368 0.0345416 0.0238667)
           93            (-0.148746 0.000800879 -0.0238667)            (-0.008368 0.0345416 0.0238667)
           94            (-0.148746 0.000800879 -0.0238667)            (-0.008368 0.0345416 0.0238667)
           95            (-0.148746 0.000800879 -0.0238667)            (-0.008368 0.0345416 0.0238667)
           96            (-0.148746 0.000800879 -0.0238667)            (-0.008368 0.0345416 0.0238667)
           97            (-0.148746 0.000800879 -0.0238667)            (-0.008368 0.0345416 0.0238667)
           98            (-0.148746 0.000800879 -0.0238667)            (-0.008368 0.0345416 0.0238667)
           99            (-0.148746 0.000800879 -0.0238667)            (-0.00836799 0.0345416 0.0238667)
          100            (-0.148746 0.000800879 -0.0238667)            (-0.00836799 0.0345416 0.0238667)
