#        Time  min max
            1            (-0.15 0.000883883 -0.02375)            (0.13877 0.174125 0.02375)
            2            (-0.15 0.000883883 -0.025)            (0.13877 0.174125 0.025)
            3            (-0.15 0.000883883 -0.025)            (0.13877 0.174125 0.025)
            4            (-0.15 0.000883883 -0.025)            (0.13877 0.174125 0.025)
            5            (-0.141237 0.000883883 -0.025)            (0.13877 0.174125 0.025)
            6            (-0.14112 0 -0.025)            (0.13877 0.174125 0.025)
            7            (-0.140884 0 -0.025)            (0.140537 0.175893 0.025)
            8            (-0.140059 0 -0.025)            (0.140537 0.175893 0.025)
            9            (-0.140059 0 -0.025)            (-0.000883883 0.0353553 0.025)
           10            (-0.15 0 -0.025)            (-0.000883883 0.0353553 0.025)
           11            (-0.15 0 -0.025)            (-0.000883883 0.0353553 0.025)
           12            (-0.15 0 -0.025)            (-0.000883883 0.0353553 0.025)
           13            (-0.15 0 -0.025)            (-0.000883883 0.0353553 0.025)
           14            (-0.15 0 -0.025)            (-0.000883883 0.0353553 0.025)
           15            (-0.15 0 -0.025)            (-0.000883883 0.0353553 0.025)
           16            (-0.15 0 -0.025)            (-0.000883883 0.0353553 0.025)
           17            (-0.15 0 -0.025)            (-0.000883883 0.0353553 0.025)
           18            (-0.15 0 -0.025)            (-0.000883883 0.0353553 0.025)
           19            (-0.15 0 -0.025)            (-0.00265165 0.0353553 0.025)
           20            (-0.15 0 -0.025)            (-0.00265165 0.0353553 0.025)
           21            (-0.15 0 -0.025)            (-0.00265165 0.0353553 0.025)
           22            (-0.15 0 -0.025)            (-0.00265165 0.0353553 0.025)
           23            (-0.15 0 -0.025)            (-0.00265165 0.0353553 0.025)
           24            (-0.15 0 -0.025)            (-0.00265165 0.0353553 0.025)
           25            (-0.15 0 -0.025)            (-0.00265165 0.0353553 0.025)
           26            (-0.15 0 -0.025)            (-0.00265165 0.0353553 0.025)
           27            (-0.15 0 -0.025)            (-0.00265165 0.0353553 0.025)
           28            (-0.15 0 -0.025)            (-0.00265165 0.0353553 0.025)
           29            (-0.15 0 -0.025)            (-0.00265165 0.0353553 0.025)
           30            (-0.15 0 -0.025)            (-0.00265165 0.0353553 0.025)
           31            (-0.15 0 -0.025)            (-0.00265165 0.0353553 0.025)
           32            (-0.15 0 -0.025)            (-0.00265165 0.0353553 0.025)
           33            (-0.15 0 -0.025)            (-0.00265165 0.0353553 0.025)
           34            (-0.15 0 -0.025)            (-0.00265165 0.0353553 0.025)
           35            (-0.15 0 -0.025)            (-0.00265165 0.0353553 0.025)
           36            (-0.15 0 -0.025)            (-0.00265165 0.0353553 0.025)
           37            (-0.15 0 -0.025)            (-0.00265165 0.0353553 0.025)
           38            (-0.15 0 -0.025)            (-0.00265165 0.0353553 0.025)
           39            (-0.15 0 -0.025)            (-0.00265165 0.0353553 0.025)
           40            (-0.15 0 -0.025)            (-0.00265165 0.0353553 0.025)
           41            (-0.15 0 -0.025)            (-0.00265165 0.0353553 0.025)
           42            (-0.15 0 -0.025)            (-0.00265165 0.0353553 0.025)
           43            (-0.15 0 -0.025)            (-0.00265165 0.0353553 0.025)
           44            (-0.15 0 -0.025)            (-0.00265165 0.0353553 0.025)
           45            (-0.15 0 -0.025)            (-0.00265165 0.0353553 0.025)
           46            (-0.15 0 -0.025)            (-0.00265165 0.0353553 0.025)
           47            (-0.15 0 -0.025)            (-0.00265165 0.0353553 0.025)
           48            (-0.15 0 -0.025)            (-0.00265165 0.0353553 0.025)
           49            (-0.15 0 -0.025)            (-0.00265165 0.0353553 0.025)
           50            (-0.15 0 -0.025)            (-0.00265165 0.0353553 0.025)
           51            (-0.15 0 -0.025)            (-0.00265165 0.0353553 0.025)
           52            (-0.15 0 -0.025)            (-0.00265165 0.0353553 0.025)
           53            (-0.15 0 -0.025)            (-0.00265165 0.0353553 0.025)
           54            (-0.15 0 -0.025)            (-0.00265165 0.0353553 0.025)
           55            (-0.15 0 -0.025)            (-0.00265165 0.0353553 0.025)
           56            (-0.15 0 -0.025)            (-0.00265165 0.0353553 0.025)
           57            (-0.15 0 -0.025)            (-0.00265165 0.0353553 0.025)
           58            (-0.15 0 -0.025)            (-0.00265165 0.0353553 0.025)
           59            (-0.15 0 -0.025)            (-0.00265165 0.0353553 0.025)
           60            (-0.15 0 -0.025)            (-0.00265165 0.0353553 0.025)
           61            (-0.15 0 -0.025)            (-0.00265165 0.0353553 0.025)
           62            (-0.15 0 -0.025)            (-0.00265165 0.0353553 0.025)
           63            (-0.15 0 -0.025)            (-0.00265165 0.0353553 0.025)
           64            (-0.15 0 -0.025)            (-0.00265165 0.0353553 0.025)
           65            (-0.15 0 -0.025)            (-0.00265165 0.0353553 0.025)
           66            (-0.15 0 -0.025)            (-0.00265165 0.0353553 0.025)
           67            (-0.15 0 -0.025)            (-0.00265165 0.0353553 0.025)
           68            (-0.15 0 -0.025)            (-0.00265165 0.0353553 0.025)
           69            (-0.15 0 -0.025)            (-0.00265165 0.0353553 0.025)
           70            (-0.15 0 -0.025)            (-0.00265165 0.0353553 0.025)
           71            (-0.15 0 -0.025)            (-0.00265165 0.0353553 0.025)
           72            (-0.15 0 -0.025)            (-0.00265165 0.0353553 0.025)
           73            (-0.15 0 -0.025)            (-0.00265165 0.0353553 0.025)
           74            (-0.15 0 -0.025)            (-0.00265165 0.0353553 0.025)
           75            (-0.15 0 -0.025)            (-0.00265165 0.0353553 0.025)
           76            (-0.15 0 -0.025)            (-0.00265165 0.0353553 0.025)
           77            (-0.15 0 -0.025)            (-0.00265165 0.0353553 0.025)
           78            (-0.15 0 -0.025)            (-0.00265165 0.0353553 0.025)
           79            (-0.15 0 -0.025)            (-0.00265165 0.0353553 0.025)
           80            (-0.15 0 -0.025)            (-0.00265165 0.0353553 0.025)
           81            (-0.15 0 -0.025)            (-0.00265165 0.0353553 0.025)
           82            (-0.15 0 -0.025)            (-0.00265165 0.0353553 0.025)
           83            (-0.15 0 -0.025)            (-0.00265165 0.0353553 0.025)
           84            (-0.15 0 -0.025)            (-0.00265165 0.0353553 0.025)
           85            (-0.15 0 -0.025)            (-0.00265165 0.0353553 0.025)
           86            (-0.15 0 -0.025)            (-0.00265165 0.0353553 0.025)
           87            (-0.15 0 -0.025)            (-0.00265165 0.0353553 0.025)
           88            (-0.15 0 -0.025)            (-0.00265165 0.0353553 0.025)
           89            (-0.15 0 -0.025)            (-0.00265165 0.0353553 0.025)
           90            (-0.15 0 -0.025)            (-0.00265165 0.0353553 0.025)
           91            (-0.15 0 -0.025)            (-0.00265165 0.0353553 0.025)
           92            (-0.15 0 -0.025)            (-0.00265165 0.0353553 0.025)
           93            (-0.15 0 -0.025)            (-0.00265165 0.0353553 0.025)
           94            (-0.15 0 -0.025)            (-0.00265165 0.0353553 0.025)
           95            (-0.15 0 -0.025)            (-0.00265165 0.0353553 0.025)
           96            (-0.15 0 -0.025)            (-0.00265165 0.0353553 0.025)
           97            (-0.15 0 -0.025)            (-0.00265165 0.0353553 0.025)
           98            (-0.15 0 -0.025)            (-0.00265165 0.0353553 0.025)
           99            (-0.15 0 -0.025)            (-0.00265165 0.0353553 0.025)
          100            (-0.15 0 -0.025)            (-0.00265165 0.0353553 0.025)
