#        Time  min max
            1     -1255.68      1787.21
            2     -1419.46      1579.16
            3      -1463.8      1741.35
            4     -1515.89      1844.35
            5     -1526.35      1807.57
            6     -1532.92      1806.48
            7     -1531.84      1793.42
            8      -1530.9      1780.44
            9     -1529.86      1768.84
           10     -1533.16      1758.73
           11      -1537.2      1749.74
           12     -1540.78      1741.22
           13     -1545.01      1730.57
           14     -1545.64      1722.39
           15     -1545.97       1714.8
           16     -1546.09      1707.13
           17        -1546      1700.16
           18     -1545.72      1693.67
           19     -1545.34      1687.91
           20     -1544.88      1682.76
           21     -1544.32      1678.28
           22     -1543.74      1674.41
           23     -1543.12      1671.11
           24      -1542.5      1668.33
           25     -1541.87      1665.97
           26     -1541.25      1664.02
           27     -1540.77       1662.4
           28     -1540.33      1661.08
           29     -1539.92         1660
           30     -1539.55      1659.13
           31      -1539.2      1658.43
           32     -1538.87      1657.87
           33     -1538.57      1657.42
           34     -1538.28      1657.07
           35     -1538.03      1656.82
           36     -1537.74      1656.54
           37     -1537.55      1656.42
           38     -1537.31      1656.24
           39     -1537.14      1656.16
           40     -1536.97      1656.07
           41     -1536.82      1656.01
           42     -1536.68      1655.96
           43     -1536.56      1655.92
           44     -1536.45       1655.9
           45     -1536.35      1655.88
           46     -1536.27      1655.86
           47     -1536.19      1655.85
           48     -1536.12      1655.84
           49     -1536.06      1655.83
           50     -1536.01      1655.83
           51     -1535.97      1655.83
           52     -1535.93      1655.83
           53     -1535.91      1655.83
           54     -1535.86      1655.82
           55     -1535.85      1655.83
           56     -1535.84      1655.83
           57     -1535.82      1655.83
           58     -1535.81      1655.83
           59     -1535.81      1655.83
           60     -1535.79      1655.83
           61     -1535.78      1655.83
           62     -1535.78      1655.83
           63     -1535.77      1655.84
           64     -1535.77      1655.84
           65     -1535.77      1655.84
           66     -1535.76      1655.84
           67     -1535.76      1655.84
           68     -1535.76      1655.84
           69     -1535.76      1655.84
           70     -1535.75      1655.84
           71     -1535.75      1655.84
           72     -1535.75      1655.84
           73     -1535.75      1655.84
           74     -1535.75      1655.84
           75     -1535.75      1655.84
           76     -1535.75      1655.85
           77     -1535.75      1655.85
           78     -1535.75      1655.85
           79     -1535.75      1655.85
           80     -1535.75      1655.85
           81     -1535.75      1655.85
           82     -1535.75      1655.85
           83     -1535.75      1655.85
           84     -1535.75      1655.85
           85     -1535.75      1655.85
           86     -1535.75      1655.85
           87     -1535.75      1655.85
           88     -1535.75      1655.85
           89     -1535.75      1655.85
           90     -1535.75      1655.85
           91     -1535.75      1655.85
           92     -1535.75      1655.85
           93     -1535.75      1655.85
           94     -1535.75      1655.85
           95     -1535.75      1655.85
           96     -1535.75      1655.85
           97     -1535.75      1655.85
           98     -1535.75      1655.85
           99     -1535.75      1655.85
          100     -1535.75      1655.85
