#         Time        inlet
            1       103048
            2       102255
            3       102719
            4       103034
            5       103098
            6       103159
            7       103190
            8       103208
            9       103218
           10       103222
           11       103224
           12       103223
           13       103219
           14       103213
           15       103207
           16       103200
           17       103193
           18       103187
           19       103181
           20       103176
           21       103171
           22       103167
           23       103163
           24       103159
           25       103157
           26       103154
           27       103152
           28       103150
           29       103149
           30       103147
           31       103146
           32       103145
           33       103145
           34       103144
           35       103143
           36       103143
           37       103142
           38       103142
           39       103142
           40       103141
           41       103141
           42       103141
           43       103141
           44       103141
           45       103141
           46       103140
           47       103140
           48       103140
           49       103140
           50       103140
           51       103140
           52       103140
           53       103140
           54       103140
           55       103140
           56       103140
           57       103140
           58       103140
           59       103140
           60       103140
           61       103140
           62       103140
           63       103140
           64       103140
           65       103140
           66       103140
           67       103140
           68       103140
           69       103140
           70       103140
           71       103140
           72       103140
           73       103140
           74       103140
           75       103140
           76       103140
           77       103140
           78       103140
           79       103140
           80       103140
           81       103140
           82       103140
           83       103140
           84       103140
           85       103140
           86       103140
           87       103140
           88       103140
           89       103140
           90       103140
           91       103140
           92       103140
           93       103140
           94       103140
           95       103140
           96       103140
           97       103140
           98       103140
           99       103140
          100       103140
