#        Time  average max min
            1      36.9567       69.742      32.0322
            2      37.0462       69.742       32.172
            3      37.1015       69.742      32.1814
            4      37.1707       69.742      32.2194
            5      37.2276       69.742        32.27
            6      37.2818       69.742      32.3005
            7      37.3375       69.742      32.3304
            8      37.3931       69.742      32.3683
            9      37.4486       69.742      32.3991
           10      37.5023       69.742      32.4057
           11      37.5531       69.742      32.4851
           12      37.6003       69.742      32.5533
           13      37.6437       69.742      32.5974
           14      37.6824       69.742      32.6424
           15      37.7167       69.742      32.6848
           16      37.7473       69.742      32.7189
           17      37.7749       69.742      32.7189
           18      37.7999       69.742      32.7189
           19      37.8229       69.742      32.7189
           20      37.8442       69.742      32.7189
           21      37.8644       69.742      32.7189
           22      37.8834       69.742      32.7189
           23      37.9014       69.742      32.7189
           24      37.9185       69.742      32.7189
           25      37.9348       69.742      32.7189
           26      37.9502       69.742      32.7189
           27      37.9648       69.742      32.7189
           28      37.9784       69.742      32.7189
           29      37.9913       69.742      32.7189
           30      38.0033       69.742      32.7189
           31      38.0145       69.742      32.7189
           32       38.025       69.742      32.7189
           33      38.0346       69.742      32.7189
           34      38.0435       69.742      32.7189
           35      38.0517       69.742      32.7189
           36      38.0592       69.742      32.7189
           37       38.066       69.742      32.7189
           38      38.0723       69.742      32.7189
           39      38.0779       69.742      32.7189
           40      38.0831       69.742      32.7189
           41      38.0877       69.742      32.7189
           42      38.0919       69.742      32.7189
           43      38.0956       69.742      32.7189
           44      38.0989       69.742      32.7189
           45      38.1019       69.742      32.7189
           46      38.1046       69.742      32.7189
           47       38.107       69.742      32.7189
           48      38.1091       69.742      32.7189
           49       38.111       69.742      32.7189
           50      38.1127       69.742      32.7189
           51      38.1141       69.742      32.7189
           52      38.1154       69.742      32.7189
           53      38.1166       69.742      32.7189
           54      38.1176       69.742      32.7189
           55      38.1185       69.742      32.7189
           56      38.1192       69.742      32.7189
           57      38.1199       69.742      32.7189
           58      38.1205       69.742      32.7189
           59      38.1211       69.742      32.7189
           60      38.1215       69.742      32.7189
           61      38.1219       69.742      32.7189
           62      38.1223       69.742      32.7189
           63      38.1226       69.742      32.7189
           64      38.1228       69.742      32.7189
           65      38.1231       69.742      32.7189
           66      38.1233       69.742      32.7189
           67      38.1234       69.742      32.7189
           68      38.1236       69.742      32.7189
           69      38.1237       69.742      32.7189
           70      38.1238       69.742      32.7189
           71      38.1239       69.742      32.7189
           72       38.124       69.742      32.7189
           73      38.1241       69.742      32.7189
           74      38.1241       69.742      32.7189
           75      38.1242       69.742      32.7189
           76      38.1243       69.742      32.7189
           77      38.1243       69.742      32.7189
           78      38.1243       69.742      32.7189
           79      38.1244       69.742      32.7189
           80      38.1244       69.742      32.7189
           81      38.1244       69.742      32.7189
           82      38.1244       69.742      32.7189
           83      38.1244       69.742      32.7189
           84      38.1245       69.742      32.7189
           85      38.1245       69.742      32.7189
           86      38.1245       69.742      32.7189
           87      38.1245       69.742      32.7189
           88      38.1245       69.742      32.7189
           89      38.1245       69.742      32.7189
           90      38.1245       69.742      32.7189
           91      38.1245       69.742      32.7189
           92      38.1245       69.742      32.7189
           93      38.1245       69.742      32.7189
           94      38.1245       69.742      32.7189
           95      38.1245       69.742      32.7189
           96      38.1245       69.742      32.7189
           97      38.1245       69.742      32.7189
           98      38.1245       69.742      32.7189
           99      38.1245       69.742      32.7189
          100      38.1245       69.742      32.7189
