#        Time  min max
            1       100551       102649
            2       100266       102595
            3       100111       102767
            4       100072       103019
            5       100052       103074
            6       100038       103121
            7       100039       103149
            8       100042       103166
            9       100047       103177
           10       100051       103182
           11       100054       103186
           12       100057       103187
           13       100061       103185
           14       100062       103179
           15       100063       103174
           16       100064       103167
           17       100064       103162
           18       100064       103156
           19       100064       103151
           20       100064       103146
           21       100063       103141
           22       100063       103137
           23       100063       103134
           24       100062       103131
           25       100062       103128
           26       100061       103126
           27       100061       103124
           28       100060       103122
           29       100060       103121
           30       100060       103119
           31       100059       103118
           32       100059       103117
           33       100059       103117
           34       100058       103116
           35       100058       103115
           36       100058       103115
           37       100058       103115
           38       100058       103114
           39       100057       103114
           40       100057       103114
           41       100057       103113
           42       100057       103113
           43       100057       103113
           44       100057       103113
           45       100057       103113
           46       100056       103113
           47       100056       103113
           48       100056       103112
           49       100056       103112
           50       100056       103112
           51       100056       103112
           52       100056       103112
           53       100056       103112
           54       100056       103112
           55       100056       103112
           56       100056       103112
           57       100056       103112
           58       100056       103112
           59       100056       103112
           60       100056       103112
           61       100056       103112
           62       100056       103112
           63       100056       103112
           64       100056       103112
           65       100056       103112
           66       100056       103112
           67       100056       103112
           68       100056       103112
           69       100056       103112
           70       100056       103112
           71       100056       103112
           72       100056       103112
           73       100056       103112
           74       100056       103112
           75       100056       103112
           76       100056       103112
           77       100056       103112
           78       100056       103112
           79       100056       103112
           80       100056       103112
           81       100056       103112
           82       100056       103112
           83       100056       103112
           84       100056       103112
           85       100056       103112
           86       100056       103112
           87       100056       103112
           88       100056       103112
           89       100056       103112
           90       100056       103112
           91       100056       103112
           92       100056       103112
           93       100056       103112
           94       100056       103112
           95       100056       103112
           96       100056       103112
           97       100056       103112
           98       100056       103112
           99       100056       103112
          100       100056       103112
