#        Time  average
            1      3047.74
            2      2254.63
            3      2718.51
            4      3033.84
            5      3097.96
            6      3159.47
            7      3189.74
            8      3207.65
            9      3217.61
           10      3222.15
           11      3223.63
           12      3222.79
           13      3218.92
           14      3213.08
           15       3206.9
           16      3200.06
           17      3193.47
           18      3187.04
           19      3181.13
           20       3175.7
           21      3170.84
           22      3166.52
           23      3162.72
           24      3159.44
           25      3156.57
           26      3154.13
           27      3152.02
           28      3150.24
           29      3148.72
           30      3147.43
           31      3146.34
           32      3145.41
           33      3144.62
           34      3143.94
           35       3143.4
           36      3142.81
           37      3142.47
           38      3142.02
           39      3141.74
           40      3141.46
           41      3141.23
           42      3141.02
           43      3140.84
           44      3140.69
           45      3140.56
           46      3140.44
           47      3140.34
           48      3140.25
           49      3140.18
           50      3140.11
           51      3140.06
           52      3140.01
           53      3139.98
           54      3139.92
           55       3139.9
           56      3139.88
           57      3139.84
           58      3139.83
           59      3139.82
           60      3139.79
           61      3139.79
           62      3139.77
           63      3139.77
           64      3139.76
           65      3139.75
           66      3139.75
           67      3139.74
           68      3139.74
           69      3139.74
           70      3139.73
           71      3139.73
           72      3139.73
           73      3139.73
           74      3139.73
           75      3139.73
           76      3139.72
           77      3139.72
           78      3139.72
           79      3139.72
           80      3139.72
           81      3139.72
           82      3139.72
           83      3139.72
           84      3139.72
           85      3139.72
           86      3139.72
           87      3139.72
           88      3139.72
           89      3139.72
           90      3139.72
           91      3139.72
           92      3139.72
           93      3139.72
           94      3139.72
           95      3139.72
           96      3139.72
           97      3139.72
           98      3139.72
           99      3139.72
          100      3139.72
