#        Time  min max
            1      40.6341      84.3457
            2      40.5503      77.8388
            3      41.2615      72.6985
            4      42.0089      67.5598
            5      42.6271      61.8537
            6      43.2129      56.6376
            7      43.8022      52.3792
            8      44.3474      49.6188
            9      43.7517      48.6812
           10       43.246      48.1529
           11       42.914      47.8245
           12      42.6917        47.54
           13      42.5326      47.3495
           14       42.421      47.2068
           15      42.2252      47.0928
           16      42.0982      47.0041
           17      42.0193      46.9375
           18      41.9701      46.8885
           19      41.9398      46.8534
           20       41.921      46.8287
           21      41.9095      46.8115
           22      41.9024      46.7997
           23       41.898      46.7918
           24      41.8952      46.7865
           25      41.8935       46.783
           26      41.8923      46.7807
           27      41.8916      46.7792
           28       41.891      46.7783
           29      41.8906      46.7799
           30      41.8903      46.7812
           31      41.8901      46.7822
           32      41.8899      46.7831
           33      41.8897      46.7838
           34      41.8896      46.7844
           35      41.8896      46.7849
           36      41.8894      46.7853
           37      41.8895      46.7856
           38      41.8893      46.7859
           39      41.8893      46.7861
           40      41.8892      46.7863
           41      41.8892      46.7865
           42      41.8892      46.7866
           43      41.8892      46.7867
           44      41.8892      46.7868
           45      41.8892      46.7869
           46      41.8892       46.787
           47      41.8892       46.787
           48      41.8892      46.7871
           49      41.8891      46.7871
           50      41.8891      46.7872
           51      41.8891      46.7872
           52      41.8891      46.7872
           53      41.8891      46.7873
           54      41.8891      46.7873
           55      41.8891      46.7873
           56      41.8891      46.7873
           57      41.8891      46.7873
           58      41.8891      46.7874
           59      41.8891      46.7874
           60      41.8891      46.7874
           61      41.8891      46.7874
           62      41.8891      46.7874
           63      41.8891      46.7874
           64      41.8891      46.7874
           65      41.8891      46.7874
           66      41.8891      46.7874
           67      41.8891      46.7874
           68      41.8891      46.7874
           69      41.8891      46.7874
           70      41.8891      46.7874
           71      41.8891      46.7874
           72      41.8891      46.7874
           73      41.8891      46.7874
           74      41.8891      46.7874
           75      41.8891      46.7874
           76      41.8891      46.7874
           77      41.8891      46.7874
           78      41.8891      46.7874
           79      41.8891      46.7874
           80      41.8891      46.7874
           81      41.8891      46.7874
           82      41.8891      46.7874
           83      41.8891      46.7874
           84      41.8891      46.7874
           85      41.8891      46.7874
           86      41.8891      46.7874
           87      41.8891      46.7874
           88      41.8891      46.7874
           89      41.8891      46.7874
           90      41.8891      46.7874
           91      41.8891      46.7874
           92      41.8891      46.7874
           93      41.8891      46.7874
           94      41.8891      46.7874
           95      41.8891      46.7874
           96      41.8891      46.7874
           97      41.8891      46.7874
           98      41.8891      46.7874
           99      41.8891      46.7874
          100      41.8891      46.7874
