#        Time  average
            1     -1268.49
            2     -1425.61
            3     -1464.94
            4     -1516.37
            5     -1518.05
            6     -1516.16
            7     -1519.17
            8     -1524.44
            9     -1529.71
           10     -1534.08
           11        -1538
           12     -1541.44
           13     -1545.53
           14        -1546
           15     -1546.19
           16     -1546.23
           17     -1546.09
           18      -1545.8
           19     -1545.43
           20        -1545
           21     -1544.51
           22        -1544
           23     -1543.46
           24     -1542.94
           25     -1542.41
           26      -1541.9
           27     -1541.41
           28     -1540.94
           29      -1540.5
           30     -1540.09
           31     -1539.69
           32     -1539.32
           33     -1538.98
           34     -1538.66
           35     -1538.37
           36     -1538.05
           37     -1537.83
           38     -1537.57
           39     -1537.37
           40     -1537.18
           41     -1537.01
           42     -1536.85
           43     -1536.71
           44     -1536.58
           45     -1536.47
           46     -1536.37
           47     -1536.28
           48      -1536.2
           49     -1536.13
           50     -1536.07
           51     -1536.02
           52     -1535.97
           53     -1535.94
           54     -1535.88
           55     -1535.86
           56     -1535.84
           57      -1535.8
           58     -1535.79
           59     -1535.78
           60     -1535.75
           61     -1535.74
           62     -1535.73
           63     -1535.72
           64     -1535.71
           65      -1535.7
           66      -1535.7
           67     -1535.69
           68     -1535.69
           69     -1535.68
           70     -1535.68
           71     -1535.68
           72     -1535.68
           73     -1535.67
           74     -1535.67
           75     -1535.67
           76     -1535.67
           77     -1535.67
           78     -1535.67
           79     -1535.67
           80     -1535.67
           81     -1535.67
           82     -1535.66
           83     -1535.66
           84     -1535.66
           85     -1535.66
           86     -1535.66
           87     -1535.66
           88     -1535.66
           89     -1535.66
           90     -1535.66
           91     -1535.66
           92     -1535.66
           93     -1535.66
           94     -1535.66
           95     -1535.66
           96     -1535.66
           97     -1535.66
           98     -1535.66
           99     -1535.66
          100     -1535.66
