#         Time          min          max
            1            (-0.149975 7.29243e-06 -0.0249994)            (0.141386 0.176743 0.0249993)
            2            (-0.149994 5.68654e-05 -0.0249703)            (0.140443 0.175802 0.0249703)
            3            (-0.141461 3.03153e-05 -0.0249845)            (0.140353 0.175707 0.0249846)
            4            (-0.136005 0.000117648 -0.0249566)            (0.14044 0.175794 0.0249565)
            5            (-0.130393 0.000299249 -0.0249633)            (0.140832 0.175886 0.0249676)
            6            (-0.124041 0.000181374 -0.0249937)            (0.141049 0.176394 0.0249932)
            7            (-0.117456 0.000149969 -0.0249968)            (0.141307 0.176649 0.024982)
            8            (-0.113526 1.55983e-05 -0.0249873)            (-0.00659018 0.0359595 0.024987)
            9            (-0.123719 2.17465e-05 -0.0249794)            (-0.00766949 0.0354402 0.0249803)
           10            (-0.126188 1.3776e-06 -0.0249597)            (-0.00850685 0.0353551 0.024972)
           11            (-0.130404 9.73198e-06 -0.0249988)            (-0.00902953 0.0353289 0.0249928)
           12            (-0.131158 7.40401e-06 -0.0249856)            (-0.00949884 0.0353553 0.0249869)
           13            (-0.131696 4.46893e-06 -0.0249958)            (-0.0099173 0.0353502 0.0249971)
           14            (-0.131961 7.74449e-05 -0.0249959)            (-0.0104692 0.0353552 0.024999)
           15            (-0.132106 8.35442e-05 -0.0249967)            (-0.0107249 0.0353153 0.0249967)
           16            (-0.132194 8.72028e-05 -0.0249993)            (-0.0111658 0.0353343 0.0249993)
           17            (-0.132239 8.90698e-05 -0.0249975)            (-0.0112492 0.0353061 0.0249975)
           18            (-0.132263 9.00527e-05 -0.0249939)            (-0.0114139 0.0353002 0.0249952)
           19            (-0.13227 9.03856e-05 -0.0249952)            (-0.011427 0.0352989 0.0249942)
           20            (-0.13227 9.04151e-05 -0.024994)            (-0.0114452 0.0352983 0.0249932)
           21            (-0.132265 9.02339e-05 -0.0249847)            (-0.0114448 0.0352982 0.024984)
           22            (-0.132258 8.99628e-05 -0.0249981)            (-0.0114486 0.0352984 0.0249985)
           23            (-0.132249 8.96496e-05 -0.0249957)            (-0.0115101 0.0352987 0.024996)
           24            (-0.132241 8.93315e-05 -0.0249943)            (-0.0114726 0.0352991 0.0249946)
           25            (-0.132233 8.90368e-05 -0.0249936)            (-0.0114998 0.0352994 0.0249938)
           26            (-0.132225 8.87523e-05 -0.0249933)            (-0.0115345 0.0352998 0.0249934)
           27            (-0.132218 8.85059e-05 -0.0249931)            (-0.0115646 0.0353001 0.0249932)
           28            (-0.132213 8.8285e-05 -0.024993)            (-0.0115905 0.0353004 0.0249931)
           29            (-0.132208 8.80949e-05 -0.024993)            (-0.0116116 0.0353006 0.024993)
           30            (-0.132203 8.79298e-05 -0.0249929)            (-0.0116286 0.0353008 0.024993)
           31            (-0.132199 8.77879e-05 -0.0249929)            (-0.0116428 0.035301 0.0249929)
           32            (-0.132196 8.76658e-05 -0.0249928)            (-0.0116546 0.0353012 0.0249929)
           33            (-0.132193 8.75606e-05 -0.0249928)            (-0.0116643 0.0353013 0.0249928)
           34            (-0.132191 8.74693e-05 -0.0249928)            (-0.0116706 0.0353014 0.0249928)
           35            (-0.132189 8.73837e-05 -0.0249929)            (-0.0116752 0.0353015 0.0249929)
           36            (-0.132187 8.73274e-05 -0.0249927)            (-0.0116796 0.0353016 0.0249927)
           37            (-0.132185 8.72352e-05 -0.0249928)            (-0.0116824 0.0353017 0.0249928)
           38            (-0.132184 8.72143e-05 -0.0249926)            (-0.0116851 0.0353017 0.0249926)
           39            (-0.132183 8.71477e-05 -0.0249926)            (-0.0116869 0.0353018 0.0249926)
           40            (-0.132182 8.71206e-05 -0.0249926)            (-0.0116883 0.0353019 0.0249926)
           41            (-0.132181 8.70853e-05 -0.0249926)            (-0.0116893 0.0353019 0.0249926)
           42            (-0.13218 8.70547e-05 -0.0249926)            (-0.01169 0.035302 0.0249926)
           43            (-0.13218 8.70279e-05 -0.0249926)            (-0.0116904 0.035302 0.0249926)
           44            (-0.132179 8.70043e-05 -0.0249926)            (-0.0116907 0.035302 0.0249926)
           45            (-0.132178 8.69838e-05 -0.0249926)            (-0.0116908 0.035302 0.0249926)
           46            (-0.132178 8.69659e-05 -0.0249926)            (-0.0116908 0.0353021 0.0249926)
           47            (-0.132178 8.69504e-05 -0.0249926)            (-0.0116907 0.0353021 0.0249926)
           48            (-0.132177 8.6937e-05 -0.0249926)            (-0.0116905 0.0353021 0.0249926)
           49            (-0.132177 8.69253e-05 -0.0249926)            (-0.0116903 0.0353021 0.0249926)
           50            (-0.132177 8.69152e-05 -0.0249926)            (-0.01169 0.0353021 0.0249926)
           51            (-0.132177 8.69065e-05 -0.0249926)            (-0.0116898 0.0353021 0.0249926)
           52            (-0.132176 8.68989e-05 -0.0249926)            (-0.0116895 0.0353022 0.0249926)
           53            (-0.132176 8.68917e-05 -0.0249926)            (-0.0116892 0.0353022 0.0249926)
           54            (-0.132176 8.6891e-05 -0.0249926)            (-0.0116889 0.0353022 0.0249926)
           55            (-0.132176 8.6878e-05 -0.0249926)            (-0.0116887 0.0353022 0.0249926)
           56            (-0.132176 8.6878e-05 -0.0249926)            (-0.0116884 0.0353022 0.0249926)
           57            (-0.132176 8.68769e-05 -0.0249926)            (-0.0116882 0.0353022 0.0249926)
           58            (-0.132176 8.68682e-05 -0.0249926)            (-0.0116879 0.0353022 0.0249926)
           59            (-0.132176 8.68691e-05 -0.0249926)            (-0.0116877 0.0353022 0.0249926)
           60            (-0.132176 8.68682e-05 -0.0249926)            (-0.0116875 0.0353022 0.0249926)
           61            (-0.132175 8.68627e-05 -0.0249926)            (-0.0116873 0.0353022 0.0249926)
           62            (-0.132175 8.68638e-05 -0.0249926)            (-0.0116872 0.0353022 0.0249926)
           63            (-0.132175 8.68617e-05 -0.0249926)            (-0.011687 0.0353022 0.0249926)
           64            (-0.132175 8.6861e-05 -0.0249926)            (-0.0116869 0.0353022 0.0249926)
           65            (-0.132175 8.686e-05 -0.0249926)            (-0.0116868 0.0353022 0.0249926)
           66            (-0.132175 8.68593e-05 -0.0249926)            (-0.0116866 0.0353022 0.0249926)
           67            (-0.132175 8.68586e-05 -0.0249926)            (-0.0116865 0.0353022 0.0249926)
           68            (-0.132175 8.68581e-05 -0.0249926)            (-0.0116865 0.0353022 0.0249926)
           69            (-0.132175 8.68576e-05 -0.0249926)            (-0.0116864 0.0353022 0.0249926)
           70            (-0.132175 8.68573e-05 -0.0249926)            (-0.0116863 0.0353022 0.0249926)
           71            (-0.132175 8.6857e-05 -0.0249926)            (-0.0116862 0.0353022 0.0249926)
           72            (-0.132175 8.68567e-05 -0.0249926)            (-0.0116862 0.0353022 0.0249926)
           73            (-0.132175 8.68565e-05 -0.0249926)            (-0.0116861 0.0353022 0.0249926)
           74            (-0.132175 8.68564e-05 -0.0249926)            (-0.0116861 0.0353022 0.0249926)
           75            (-0.132175 8.68563e-05 -0.0249926)            (-0.011686 0.0353022 0.0249926)
           76            (-0.132175 8.68561e-05 -0.0249926)            (-0.011686 0.0353022 0.0249926)
           77            (-0.132175 8.6856e-05 -0.0249926)            (-0.011686 0.0353022 0.0249926)
           78            (-0.132175 8.6856e-05 -0.0249926)            (-0.0116859 0.0353022 0.0249926)
           79            (-0.132175 8.68559e-05 -0.0249926)            (-0.0116859 0.0353022 0.0249926)
           80            (-0.132175 8.68559e-05 -0.0249926)            (-0.0116859 0.0353022 0.0249926)
           81            (-0.132175 8.68559e-05 -0.0249926)            (-0.0116859 0.0353022 0.0249926)
           82            (-0.132175 8.68559e-05 -0.0249926)            (-0.0116859 0.0353022 0.0249926)
           83            (-0.132175 8.68558e-05 -0.0249926)            (-0.0116858 0.0353022 0.0249926)
           84            (-0.132175 8.68558e-05 -0.0249926)            (-0.0116858 0.0353022 0.0249926)
           85            (-0.132175 8.68558e-05 -0.0249926)            (-0.0116858 0.0353022 0.0249926)
           86            (-0.132175 8.68558e-05 -0.0249926)            (-0.0116858 0.0353022 0.0249926)
           87            (-0.132175 8.68558e-05 -0.0249926)            (-0.0116858 0.0353022 0.0249926)
           88            (-0.132175 8.68558e-05 -0.0249926)            (-0.0116858 0.0353022 0.0249926)
           89            (-0.132175 8.68558e-05 -0.0249926)            (-0.0116858 0.0353022 0.0249926)
           90            (-0.132175 8.68558e-05 -0.0249926)            (-0.0116858 0.0353022 0.0249926)
           91            (-0.132175 8.68558e-05 -0.0249926)            (-0.0116858 0.0353022 0.0249926)
           92            (-0.132175 8.68558e-05 -0.0249926)            (-0.0116858 0.0353022 0.0249926)
           93            (-0.132175 8.68558e-05 -0.0249926)            (-0.0116858 0.0353022 0.0249926)
           94            (-0.132175 8.68558e-05 -0.0249926)            (-0.0116858 0.0353022 0.0249926)
           95            (-0.132175 8.68558e-05 -0.0249926)            (-0.0116858 0.0353022 0.0249926)
           96            (-0.132175 8.68558e-05 -0.0249926)            (-0.0116858 0.0353022 0.0249926)
           97            (-0.132175 8.68559e-05 -0.0249926)            (-0.0116858 0.0353022 0.0249926)
           98            (-0.132175 8.68559e-05 -0.0249926)            (-0.0116858 0.0353022 0.0249926)
           99            (-0.132175 8.68559e-05 -0.0249926)            (-0.0116858 0.0353022 0.0249926)
          100            (-0.132175 8.68559e-05 -0.0249926)            (-0.0116857 0.0353022 0.0249926)
