#        Time  sum
   1.1999e-05   4.0228e-13
  2.63965e-05  2.35961e-12
  3.92103e-05   8.7216e-12
  5.35751e-05  2.61271e-11
  7.01081e-05  6.06241e-11
  8.78138e-05  1.07199e-10
  0.000101174  1.41877e-10
  0.000112225  1.72056e-10
  0.000122565  2.01949e-10
  0.000133375  2.31133e-10
  0.000145316  2.80576e-10
  0.000158643  3.27312e-10
   0.00017353  3.89536e-10
  0.000188861  4.69085e-10
  0.000203685  5.59662e-10
  0.000218019  6.60991e-10
   0.00023029  7.61503e-10
  0.000241527  8.58275e-10
  0.000252226   9.5553e-10
  0.000262723   1.0533e-09
  0.000273308  1.15383e-09
  0.000284275  1.24782e-09
  0.000295982  1.34938e-09
  0.000308818   1.4648e-09
  0.000323102  1.59445e-09
  0.000337939  1.73271e-09
   0.00035246  1.91184e-09
  0.000366613  2.07311e-09
  0.000380354  2.24974e-09
  0.000393668  2.42589e-09
  0.000406576  2.60422e-09
    0.0004191  2.77606e-09
  0.000431279  2.94875e-09
  0.000443171  3.12258e-09
  0.000454851  3.30092e-09
  0.000466397  3.48011e-09
  0.000477898  3.67028e-09
  0.000489471  3.87171e-09
  0.000501246  4.09199e-09
  0.000513378  4.32709e-09
  0.000526063  4.58246e-09
  0.000539533  4.85804e-09
  0.000553853  5.14373e-09
  0.000568231  5.43131e-09
  0.000582642  5.71372e-09
  0.000596999  5.98969e-09
  0.000611208  6.24092e-09
  0.000625195  6.53949e-09
  0.000638918  6.77839e-09
  0.000652397  7.02278e-09
  0.000665706  7.26575e-09
  0.000678946  7.52126e-09
   0.00069228  7.77267e-09
   0.00070592  8.03957e-09
   0.00072015  8.31993e-09
  0.000735308   8.6172e-09
  0.000751058  8.92943e-09
  0.000766516  9.21727e-09
  0.000781471  9.49917e-09
  0.000796301  9.74313e-09
  0.000811279  9.96646e-09
  0.000826646  1.01523e-08
  0.000842668  1.03286e-08
  0.000859142  1.04907e-08
  0.000875495  1.06358e-08
  0.000891864  1.07656e-08
  0.000908377  1.08717e-08
  0.000925143   1.0974e-08
   0.00094226  1.10631e-08
  0.000959818  1.11636e-08
  0.000977921  1.12225e-08
  0.000996675  1.12629e-08
   0.00101624  1.12826e-08
   0.00103681  1.12783e-08
   0.00105868  1.12467e-08
   0.00108156  1.11806e-08
   0.00110556  1.10832e-08
   0.00113149  1.09346e-08
   0.00115806  1.07094e-08
   0.00118405  1.04816e-08
   0.00120873  1.02449e-08
   0.00123233   9.9864e-09
   0.00125566  9.69413e-09
   0.00127979  9.37006e-09
   0.00130582  8.97782e-09
   0.00133379  8.48442e-09
    0.0013622   7.9508e-09
   0.00139007  7.40835e-09
   0.00141701  6.87887e-09
   0.00144648  6.34244e-09
   0.00147667  5.76274e-09
   0.00150276  5.32362e-09
   0.00152604   4.9576e-09
   0.00154793  4.61555e-09
   0.00156937  4.27867e-09
   0.00159089  3.92726e-09
   0.00161269  3.58813e-09
   0.00163476  3.27108e-09
   0.00165689  2.98024e-09
   0.00167886  2.73099e-09
   0.00170059  2.51114e-09
    0.0017222  2.31138e-09
   0.00174382   2.1331e-09
   0.00176545  1.92229e-09
   0.00178663  1.76745e-09
   0.00180641  1.64578e-09
   0.00182589   1.5277e-09
   0.00184572  1.41587e-09
   0.00186648  1.30768e-09
    0.0018862  1.21617e-09
   0.00190561   1.1296e-09
   0.00192524  1.04864e-09
   0.00194577  9.73646e-10
   0.00196835  9.03942e-10
   0.00199354  8.43134e-10
   0.00202155  7.95135e-10
   0.00205284  7.65234e-10
   0.00208805   7.5738e-10
   0.00212794  7.86224e-10
   0.00216319   8.5505e-10
   0.00219734  9.59453e-10
   0.00222844  1.08866e-09
   0.00225002  1.19813e-09
   0.00227064  1.31154e-09
    0.0022913  1.42933e-09
   0.00231256  1.56071e-09
   0.00233382  1.70127e-09
   0.00235371  1.84165e-09
   0.00237278  2.00969e-09
   0.00239123   2.1568e-09
   0.00240929  2.31067e-09
   0.00242717  2.46974e-09
   0.00244348  2.62294e-09
   0.00245876  2.77658e-09
   0.00247337   2.9258e-09
   0.00248758  3.07734e-09
   0.00250163  3.22646e-09
   0.00251573  3.38111e-09
   0.00253006  3.53879e-09
   0.00254487  3.70154e-09
    0.0025604  3.87001e-09
    0.0025765  4.04189e-09
   0.00259259  4.21204e-09
   0.00260885  4.38225e-09
   0.00262537  4.54072e-09
    0.0026422  4.70204e-09
   0.00265938  4.87397e-09
   0.00267687  5.03918e-09
   0.00269461  5.20099e-09
   0.00271253   5.3715e-09
   0.00273052  5.53119e-09
   0.00274855  5.69334e-09
   0.00276667  5.89181e-09
   0.00278494  6.04686e-09
   0.00280358  6.18796e-09
   0.00282279  6.33676e-09
   0.00284281  6.48016e-09
   0.00286392   6.6268e-09
   0.00288642  6.76506e-09
   0.00291072  6.89148e-09
   0.00293606   7.0016e-09
   0.00296227  7.09082e-09
   0.00298992  7.15652e-09
   0.00301838  7.19269e-09
   0.00304798  7.19675e-09
   0.00307924  7.16545e-09
   0.00311287  7.09054e-09
    0.0031502  6.95404e-09
   0.00319166  6.76714e-09
   0.00323174  6.53517e-09
    0.0032668  6.29448e-09
   0.00329946  6.04748e-09
   0.00332722  5.81665e-09
    0.0033533   5.5902e-09
   0.00337867  5.32542e-09
   0.00340378  5.11776e-09
   0.00342878  4.92547e-09
   0.00345372  4.69954e-09
   0.00347859  4.50273e-09
   0.00350329  4.30572e-09
   0.00352768  4.11157e-09
   0.00355174  3.92059e-09
   0.00357596   3.7144e-09
   0.00360035  3.50579e-09
   0.00362481  3.30037e-09
   0.00364917  3.10978e-09
   0.00367335  2.93253e-09
   0.00369743  2.76876e-09
   0.00372171   2.6143e-09
   0.00374674   2.4724e-09
   0.00376848  2.35701e-09
   0.00378783  2.25918e-09
   0.00380586  2.17702e-09
   0.00382316  2.10192e-09
   0.00384008  2.03094e-09
   0.00385688  1.97146e-09
   0.00387369  1.91684e-09
   0.00389073  1.87275e-09
   0.00390819  1.82662e-09
   0.00392627  1.78589e-09
   0.00394521  1.74959e-09
    0.0039653  1.71794e-09
   0.00398688  1.69164e-09
   0.00401028  1.67198e-09
   0.00403575  1.66094e-09
   0.00406236  1.66133e-09
   0.00408989  1.67508e-09
   0.00411828  1.70264e-09
   0.00414719  1.74408e-09
   0.00417501   1.7965e-09
   0.00420092  1.85106e-09
   0.00422511  1.91778e-09
    0.0042479  1.99004e-09
   0.00426958  2.07044e-09
   0.00429039  2.15453e-09
   0.00431051  2.24391e-09
   0.00433013  2.33555e-09
   0.00434941  2.43258e-09
   0.00436849  2.53199e-09
   0.00438754  2.63969e-09
   0.00440665  2.75227e-09
   0.00442595  2.86944e-09
   0.00444558  2.99588e-09
   0.00446568  3.12876e-09
   0.00448631  3.26542e-09
   0.00450665  3.40041e-09
    0.0045268  3.53189e-09
   0.00454685  3.66084e-09
   0.00456689  3.78581e-09
   0.00458698  3.90878e-09
    0.0046072  4.01569e-09
   0.00462764  4.11329e-09
   0.00464833  4.22535e-09
   0.00466928  4.32434e-09
   0.00469042  4.42056e-09
   0.00471166  4.51394e-09
   0.00473289   4.6017e-09
   0.00475407  4.68393e-09
   0.00477518  4.75111e-09
   0.00479635  4.82103e-09
   0.00481743  4.88777e-09
   0.00483833  4.98323e-09
   0.00485927  5.03474e-09
   0.00488032  5.07967e-09
   0.00490155  5.11766e-09
   0.00492298  5.14828e-09
   0.00494463  5.16229e-09
   0.00496648  5.17726e-09
   0.00498852  5.18413e-09
   0.00501076  5.18274e-09
   0.00503327  5.17292e-09
   0.00505618  5.15428e-09
   0.00507962  5.12368e-09
   0.00510389  5.09452e-09
   0.00512924  5.04482e-09
   0.00515587  4.98247e-09
   0.00518381  4.90681e-09
   0.00521291  4.81873e-09
   0.00524291  4.67529e-09
   0.00527363  4.56483e-09
   0.00530511  4.44197e-09
   0.00533754   4.3231e-09
   0.00537115    4.192e-09
   0.00540623  4.05457e-09
    0.0054422  3.90977e-09
   0.00547717   3.7694e-09
   0.00551204   3.6186e-09
   0.00554732  3.47843e-09
   0.00558288  3.33687e-09
   0.00561752  3.19972e-09
   0.00565174  3.06351e-09
   0.00568666   2.9341e-09
   0.00572406  2.80571e-09
   0.00576017  2.70235e-09
   0.00579418  2.61877e-09
   0.00582656  2.55106e-09
   0.00585754  2.49851e-09
   0.00588721  2.45949e-09
   0.00591565  2.43341e-09
   0.00594306   2.4191e-09
   0.00596976   2.4166e-09
     0.005996  2.42475e-09
   0.00602201  2.44301e-09
   0.00604782  2.46999e-09
   0.00607355  2.50505e-09
   0.00609921  2.54791e-09
   0.00612482  2.59827e-09
   0.00615042  2.65465e-09
   0.00617608  2.71722e-09
   0.00620209   2.7859e-09
   0.00622883  2.86096e-09
   0.00625676  2.94437e-09
   0.00628622  3.02856e-09
   0.00631501   3.1138e-09
   0.00634345  3.20601e-09
   0.00637212   3.2997e-09
   0.00639897  3.39095e-09
   0.00642215  3.46605e-09
    0.0064431  3.53331e-09
   0.00646259  3.59498e-09
   0.00648109  3.65626e-09
   0.00649892   3.7111e-09
   0.00651632   3.7637e-09
   0.00653344  3.81424e-09
    0.0065504  3.85427e-09
   0.00656724  3.90094e-09
   0.00658404  3.94603e-09
   0.00660084  3.98951e-09
   0.00661766  4.03135e-09
    0.0066345  4.10989e-09
   0.00665125  4.14837e-09
   0.00666797  4.18482e-09
   0.00668467   4.2193e-09
   0.00670138  4.25182e-09
   0.00671814  4.28239e-09
   0.00673495  4.30361e-09
   0.00675185  4.33421e-09
   0.00676887  4.35823e-09
   0.00678605  4.38021e-09
   0.00680342  4.39975e-09
   0.00682101  4.41667e-09
   0.00683884   4.4308e-09
   0.00685691  4.44191e-09
   0.00687522  4.44987e-09
   0.00689378  4.45453e-09
   0.00691258  4.45128e-09
   0.00693165  4.44901e-09
   0.00695101  4.44311e-09
    0.0069707  4.43349e-09
   0.00699075  4.42006e-09
   0.00701125  4.40253e-09
   0.00703224   4.3806e-09
   0.00705374  4.35397e-09
   0.00707575   4.3224e-09
    0.0070978  4.28646e-09
   0.00711977  4.24663e-09
   0.00714154  4.20363e-09
   0.00716301    4.158e-09
   0.00718411  4.10501e-09
   0.00720484  4.05597e-09
   0.00722521   4.0057e-09
   0.00724528  3.95787e-09
   0.00726509  3.90618e-09
   0.00728472   3.8538e-09
   0.00730423  3.79732e-09
   0.00732368  3.73809e-09
    0.0073431  3.68458e-09
   0.00736256  3.63107e-09
   0.00738209  3.57606e-09
   0.00740174  3.47868e-09
   0.00742151  3.42575e-09
    0.0074414  3.37307e-09
   0.00746146  3.32158e-09
   0.00748169  3.27098e-09
   0.00750208  3.22151e-09
   0.00752262  3.17342e-09
   0.00754329  3.12903e-09
   0.00756405   3.0858e-09
   0.00758488  3.04385e-09
   0.00760575  3.01441e-09
   0.00762661   2.9776e-09
   0.00764743  2.94347e-09
   0.00766818  2.91227e-09
   0.00768884  2.88401e-09
    0.0077094  2.85672e-09
   0.00772985  2.83421e-09
   0.00775021  2.81456e-09
   0.00777048  2.79772e-09
   0.00779072  2.78356e-09
   0.00781098  2.77209e-09
   0.00783129  2.76335e-09
   0.00785168  2.75753e-09
   0.00787219  2.75449e-09
   0.00789285  2.75427e-09
   0.00791369  2.75679e-09
   0.00793473    2.762e-09
   0.00795602  2.76989e-09
   0.00797756  2.78045e-09
   0.00799882  2.79333e-09
   0.00801997  2.79943e-09
   0.00804112  2.81537e-09
   0.00806239  2.83562e-09
   0.00808385  2.85674e-09
   0.00810556  2.87991e-09
   0.00812747  2.90503e-09
   0.00814967  2.93218e-09
   0.00817223  2.99934e-09
   0.00819523  3.02867e-09
   0.00821871  3.06024e-09
   0.00824276  3.09418e-09
   0.00826746  3.13046e-09
   0.00829283  3.16144e-09
   0.00831872  3.20166e-09
    0.0083441  3.24187e-09
   0.00836894  3.28116e-09
   0.00839329  3.31952e-09
   0.00841718  3.35692e-09
   0.00844034  3.39299e-09
   0.00846292  3.42727e-09
   0.00848514  3.46003e-09
   0.00850711  3.49131e-09
   0.00852899  3.52162e-09
   0.00855086     3.55e-09
   0.00857281  3.57641e-09
   0.00859496  3.60176e-09
   0.00861739  3.62566e-09
   0.00864016  3.64802e-09
     0.008663  3.66828e-09
   0.00868594  3.68627e-09
   0.00870902  3.70182e-09
   0.00873225  3.71487e-09
   0.00875565  3.72534e-09
   0.00877923  3.73326e-09
   0.00880302  3.73913e-09
   0.00882702  3.74157e-09
   0.00885127  3.74106e-09
   0.00887575  3.73758e-09
   0.00890044  3.73109e-09
   0.00892525  3.72143e-09
   0.00895013   3.7092e-09
     0.008975  3.69454e-09
   0.00899978  3.67591e-09
   0.00902447  3.65721e-09
   0.00904908  3.63662e-09
   0.00907369  3.61266e-09
   0.00909839   3.5857e-09
    0.0091233  3.55974e-09
   0.00914851  3.53205e-09
   0.00917409  3.50277e-09
   0.00920007  3.47007e-09
    0.0092264  3.43636e-09
   0.00925271  3.40447e-09
   0.00927858  3.37322e-09
   0.00930406  3.34282e-09
   0.00932919  3.31348e-09
   0.00935398  3.28455e-09
    0.0093785  3.25785e-09
   0.00940275  3.23224e-09
   0.00942674  3.20805e-09
    0.0094505  3.18534e-09
   0.00947402   3.1642e-09
   0.00949731  3.14468e-09
   0.00952042  3.12681e-09
   0.00954335   3.1106e-09
   0.00956614  3.09605e-09
   0.00958881  3.08318e-09
   0.00961136  3.07199e-09
    0.0096338  3.06045e-09
   0.00965612  3.05298e-09
   0.00967835  3.04729e-09
   0.00970053  3.04345e-09
   0.00972271   3.0417e-09
   0.00974496  3.04217e-09
   0.00976736  3.04498e-09
   0.00978998  3.05015e-09
   0.00981284  3.05976e-09
   0.00983599   3.0694e-09
   0.00985946  3.08118e-09
   0.00988337  3.09532e-09
   0.00990782  3.11146e-09
   0.00993294  3.12971e-09
   0.00995885  3.15018e-09
   0.00998562  3.17264e-09
    0.0100132  3.19786e-09
    0.0100414  3.22625e-09
    0.0100701  3.25696e-09
    0.0100991  3.28911e-09
    0.0101284  3.32268e-09
     0.010158  3.35755e-09
    0.0101879  3.39377e-09
    0.0102182  3.43121e-09
    0.0102489  3.46884e-09
    0.0102804  3.50268e-09
    0.0103126  3.53978e-09
    0.0103458  3.57562e-09
    0.0103801  3.61049e-09
    0.0104152  3.64349e-09
      0.01045  3.67294e-09
    0.0104847  3.69977e-09
    0.0105192    3.721e-09
    0.0105537  3.73835e-09
    0.0105885  3.74802e-09
    0.0106241  3.75512e-09
    0.0106607  3.75923e-09
    0.0106988  3.75999e-09
    0.0107379  3.75656e-09
    0.0107777  3.74859e-09
    0.0108169  3.74255e-09
    0.0108554  3.72525e-09
    0.0108937  3.70548e-09
     0.010931  3.68562e-09
    0.0109667   3.6644e-09
    0.0110008  3.64259e-09
    0.0110337  3.61592e-09
    0.0110655  3.59341e-09
    0.0110963  3.57109e-09
    0.0111263  3.54921e-09
    0.0111557  3.52793e-09
    0.0111844  3.50736e-09
    0.0112125  3.48754e-09
    0.0112402  3.46849e-09
    0.0112675  3.44715e-09
    0.0112944   3.4299e-09
    0.0113212  3.41374e-09
    0.0113477  3.39849e-09
    0.0113743  3.37998e-09
    0.0114009  3.36674e-09
    0.0114276   3.3545e-09
    0.0114546  3.34254e-09
    0.0114822  3.32905e-09
    0.0115103  3.31981e-09
    0.0115387  3.30658e-09
    0.0115669  3.30016e-09
    0.0115951  3.29475e-09
    0.0116235  3.29072e-09
    0.0116519  3.28803e-09
    0.0116806  3.28663e-09
    0.0117095  3.28649e-09
    0.0117378  3.28761e-09
    0.0117649  3.28982e-09
     0.011791  3.29116e-09
    0.0118162  3.29487e-09
    0.0118405  3.29884e-09
    0.0118637  3.30346e-09
    0.0118859  3.30686e-09
    0.0119073  3.31198e-09
    0.0119282  3.30786e-09
    0.0119486  3.31297e-09
    0.0119687  3.31817e-09
    0.0119885  3.32343e-09
    0.0120081  3.32874e-09
    0.0120275  3.33407e-09
    0.0120469  3.33939e-09
    0.0120661  3.34466e-09
    0.0120853  3.34986e-09
    0.0121044  3.39575e-09
    0.0121234  3.40079e-09
    0.0121424  3.40564e-09
    0.0121612  3.41028e-09
    0.0121799   3.4147e-09
    0.0121986  3.41887e-09
     0.012217  3.42278e-09
    0.0122354  3.42631e-09
    0.0122537  3.42955e-09
    0.0122718  3.43252e-09
    0.0122899   3.4352e-09
    0.0123078  3.43762e-09
    0.0123257   3.4319e-09
    0.0123435  3.43379e-09
    0.0123613  3.43464e-09
    0.0123791  3.43556e-09
    0.0123969  3.43649e-09
    0.0124147  3.43706e-09
    0.0124326  3.43749e-09
    0.0124505  3.43749e-09
    0.0124685  3.43706e-09
    0.0124867  3.43618e-09
    0.0125049  3.43482e-09
    0.0125233  3.43288e-09
    0.0125417  3.42947e-09
    0.0125604  3.42679e-09
    0.0125791  3.42374e-09
     0.012598   3.4203e-09
     0.012617   3.4165e-09
    0.0126361   3.4101e-09
    0.0126554   3.4059e-09
    0.0126748  3.40093e-09
    0.0126943  3.39557e-09
     0.012714  3.39028e-09
    0.0127339  3.38415e-09
    0.0127539  3.37767e-09
    0.0127742  3.37085e-09
    0.0127946  3.36372e-09
    0.0128153  3.35627e-09
    0.0128363  3.34854e-09
    0.0128575  3.33898e-09
    0.0128788  3.33075e-09
    0.0129003  3.32236e-09
     0.012922  3.31373e-09
    0.0129437  3.30522e-09
    0.0129656  3.29408e-09
    0.0129875  3.28559e-09
    0.0130096  3.27585e-09
    0.0130318  3.26772e-09
     0.013054  3.25796e-09
    0.0130764  3.25087e-09
    0.0130989  3.24157e-09
    0.0131215  3.23372e-09
    0.0131443  3.22705e-09
    0.0131672  3.22081e-09
    0.0131902  3.21503e-09
    0.0132134  3.20978e-09
    0.0132367  3.20511e-09
    0.0132601  3.20106e-09
    0.0132838  3.19767e-09
    0.0133076  3.19434e-09
    0.0133316  3.19251e-09
    0.0133558  3.19147e-09
    0.0133803  3.19125e-09
     0.013405  3.19193e-09
    0.0134299  3.19351e-09
    0.0134551    3.196e-09
    0.0134806  3.19942e-09
    0.0135064   3.2038e-09
    0.0135326  3.21141e-09
    0.0135593   3.2175e-09
    0.0135864  3.22464e-09
     0.013614  3.23057e-09
    0.0136421  3.24007e-09
    0.0136708  3.25064e-09
       0.0137  3.26233e-09
    0.0137298  3.27515e-09
    0.0137602  3.28944e-09
    0.0137913  3.30535e-09
     0.013823   3.3217e-09
    0.0138554  3.33856e-09
    0.0138887  3.35591e-09
    0.0139227  3.37371e-09
    0.0139576  3.38948e-09
    0.0139931  3.40874e-09
    0.0140293  3.42781e-09
    0.0140662  3.44698e-09
    0.0141041  3.46461e-09
    0.0141412   3.4808e-09
    0.0141773  3.49545e-09
    0.0142125  3.50886e-09
    0.0142471  3.52027e-09
    0.0142813  3.52979e-09
    0.0143153  3.53973e-09
    0.0143493  3.54349e-09
    0.0143833  3.54641e-09
    0.0144172  3.54686e-09
    0.0144513  3.54647e-09
    0.0144856  3.54506e-09
    0.0145203  3.54338e-09
    0.0145553  3.53832e-09
    0.0145903   3.5334e-09
    0.0146252   3.5285e-09
    0.0146594  3.52184e-09
    0.0146916  3.51492e-09
    0.0147223  3.50775e-09
    0.0147515  3.50031e-09
    0.0147796   3.4928e-09
    0.0148068  3.48187e-09
    0.0148331  3.47439e-09
    0.0148589   3.4669e-09
     0.014884  3.45945e-09
    0.0149088  3.44776e-09
    0.0149332  3.43984e-09
    0.0149573  3.43259e-09
    0.0149813  3.42561e-09
    0.0150051  3.41549e-09
    0.0150287  3.40872e-09
    0.0150522  3.39675e-09
    0.0150756  3.39022e-09
    0.0150989  3.38382e-09
    0.0151221  3.37767e-09
    0.0151451  3.37177e-09
    0.0151681  3.36615e-09
    0.0151908  3.36081e-09
    0.0152134  3.35379e-09
    0.0152357  3.34792e-09
    0.0152578   3.3435e-09
    0.0152797  3.32982e-09
    0.0153012  3.32586e-09
    0.0153225  3.32217e-09
    0.0153436  3.31873e-09
    0.0153643  3.31553e-09
    0.0153848  3.31254e-09
     0.015405  3.30974e-09
    0.0154249   3.3071e-09
    0.0154447  3.30568e-09
    0.0154641  3.30325e-09
    0.0154834  3.34005e-09
    0.0155025  3.33779e-09
    0.0155214   3.3357e-09
    0.0155402  3.33375e-09
    0.0155588  3.33196e-09
    0.0155773  3.32948e-09
    0.0155957  3.32778e-09
     0.015614   3.3265e-09
    0.0156322  3.32532e-09
    0.0156504  3.32424e-09
    0.0156685  3.32325e-09
    0.0156866  3.31458e-09
    0.0157047   3.3137e-09
    0.0157228  3.31298e-09
    0.0157408  3.31245e-09
    0.0157589  3.31117e-09
     0.015777  3.31111e-09
    0.0157952  3.31111e-09
    0.0158134  3.30904e-09
    0.0158317  3.30912e-09
      0.01585  3.30926e-09
    0.0158685  3.30945e-09
    0.0158871  3.30968e-09
    0.0159058  3.30997e-09
    0.0159247  3.31071e-09
    0.0159438  3.31162e-09
     0.015963  3.31211e-09
    0.0159823  3.31267e-09
    0.0160018  3.31331e-09
    0.0160215  3.31402e-09
    0.0160413  3.31323e-09
    0.0160612  3.31404e-09
    0.0160812  3.31492e-09
    0.0161013  3.31569e-09
    0.0161215  3.31664e-09
     0.016142  3.31761e-09
    0.0161626  3.31595e-09
    0.0161834  3.31564e-09
    0.0162045    3.316e-09
    0.0162258  3.31765e-09
    0.0162473  3.31873e-09
    0.0162691  3.31792e-09
    0.0162912  3.31707e-09
    0.0163135  3.31822e-09
    0.0163359  3.31944e-09
    0.0163586  3.32073e-09
    0.0163814  3.32213e-09
    0.0164044  3.32369e-09
    0.0164275  3.32467e-09
    0.0164509  3.32653e-09
    0.0164744  3.32852e-09
    0.0164982  3.33065e-09
    0.0165223  3.33486e-09
    0.0165466  3.33697e-09
    0.0165712  3.33922e-09
    0.0165961  3.34161e-09
    0.0166214  3.34415e-09
    0.0166471  3.34697e-09
    0.0166731  3.34985e-09
    0.0166996  3.35297e-09
    0.0167265  3.35425e-09
    0.0167538   3.3588e-09
    0.0167817  3.36334e-09
    0.0168102  3.36768e-09
    0.0168393  3.37223e-09
     0.016869  3.37685e-09
    0.0168995   3.3816e-09
    0.0169309  3.38653e-09
    0.0169631  3.38899e-09
    0.0169964  3.39531e-09
    0.0170309  3.40185e-09
    0.0170666  3.40905e-09
    0.0171035  3.41579e-09
    0.0171418  3.42244e-09
    0.0171805  3.42916e-09
    0.0172173  3.43565e-09
    0.0172527  3.44177e-09
    0.0172869  3.44427e-09
    0.0173201  3.44877e-09
    0.0173528  3.45487e-09
    0.0173849  3.45858e-09
    0.0174168  3.45812e-09
    0.0174485  3.45364e-09
    0.0174803  3.45423e-09
    0.0175124  3.45416e-09
    0.0175449  3.45713e-09
    0.0175778   3.4579e-09
    0.0176109  3.45732e-09
     0.017644  3.45622e-09
    0.0176769   3.4516e-09
    0.0177087  3.44984e-09
    0.0177386  3.44812e-09
    0.0177669  3.44617e-09
    0.0177938  3.43979e-09
    0.0178194  3.43683e-09
     0.017844  3.43442e-09
    0.0178678  3.43217e-09
    0.0178909  3.42663e-09
    0.0179134  3.41885e-09
    0.0179354   3.4164e-09
     0.017957  3.41373e-09
    0.0179783  3.41095e-09
    0.0179993   3.4081e-09
      0.01802  3.40519e-09
    0.0180405  3.40222e-09
    0.0180608  3.39894e-09
    0.0180809  3.38391e-09
    0.0181008  3.38053e-09
    0.0181206  3.37713e-09
    0.0181402  3.37338e-09
    0.0181597  3.37002e-09
     0.018179  3.36666e-09
    0.0181982  3.36329e-09
    0.0182172  3.35992e-09
    0.0182361  3.35758e-09
    0.0182547  3.39283e-09
    0.0182733  3.38952e-09
    0.0182917  3.38618e-09
    0.0183099  3.38282e-09
     0.018328  3.37931e-09
    0.0183459  3.37565e-09
    0.0183638  3.37202e-09
    0.0183816  3.36847e-09
    0.0183992   3.3641e-09
    0.0184168  3.36039e-09
    0.0184344  3.35706e-09
    0.0184519  3.35376e-09
    0.0184693  3.34286e-09
    0.0184868  3.33975e-09
    0.0185043  3.33648e-09
    0.0185217  3.33351e-09
    0.0185392  3.33066e-09
    0.0185568  3.32684e-09
    0.0185744  3.32421e-09
    0.0185921  3.31952e-09
    0.0186098    3.317e-09
    0.0186278  3.31456e-09
    0.0186458  3.31219e-09
     0.018664  3.30992e-09
    0.0186824  3.30818e-09
    0.0187009  3.30663e-09
    0.0187197  3.30471e-09
    0.0187386  3.30293e-09
    0.0187577  3.30131e-09
    0.0187769  3.29837e-09
    0.0187964  3.29704e-09
     0.018816  3.29586e-09
    0.0188357  3.29487e-09
    0.0188554  3.29397e-09
    0.0188753  3.29086e-09
    0.0188954  3.29047e-09
    0.0189156  3.28899e-09
     0.018936  3.28929e-09
    0.0189566  3.28968e-09
    0.0189774  3.28853e-09
    0.0189985  3.28749e-09
    0.0190198  3.28863e-09
    0.0190414  3.29007e-09
    0.0190632  3.29182e-09
    0.0190852  3.29389e-09
    0.0191075   3.2963e-09
      0.01913  3.29914e-09
    0.0191527  3.30158e-09
    0.0191756  3.30509e-09
    0.0191988  3.30892e-09
    0.0192222  3.31505e-09
    0.0192458  3.31918e-09
    0.0192696  3.32362e-09
    0.0192938  3.32835e-09
    0.0193183  3.33337e-09
    0.0193432  3.33877e-09
    0.0193685  3.34436e-09
    0.0193942  3.34797e-09
    0.0194203  3.35526e-09
     0.019447  3.36258e-09
    0.0194743  3.37005e-09
    0.0195022  3.37714e-09
    0.0195308  3.38462e-09
    0.0195601  3.39225e-09
    0.0195903  3.40033e-09
    0.0196215  3.40577e-09
    0.0196537  3.41482e-09
    0.0196872  3.42391e-09
    0.0197219   3.4331e-09
     0.019758  3.44176e-09
    0.0197956  3.45016e-09
    0.0198347  3.45844e-09
    0.0198718  3.46539e-09
    0.0199074  3.46787e-09
    0.0199419  3.47398e-09
    0.0199757  3.47729e-09
    0.0200089  3.47559e-09
    0.0200419  3.47359e-09
    0.0200749  3.46814e-09
    0.0201081  3.46598e-09
    0.0201416   3.4666e-09
    0.0201754  3.46478e-09
    0.0202093  3.46137e-09
     0.020243  3.45733e-09
    0.0202755  3.44976e-09
     0.020306  3.44565e-09
    0.0203347  3.44143e-09
     0.020362  3.43292e-09
    0.0203879  3.42791e-09
    0.0204126  3.42367e-09
    0.0204365   3.4163e-09
    0.0204595  3.41221e-09
     0.020482  3.40291e-09
    0.0205038  3.39883e-09
    0.0205252  3.39476e-09
    0.0205463  3.39073e-09
    0.0205669  3.38675e-09
    0.0205873   3.3828e-09
    0.0206075  3.37861e-09
    0.0206275  3.37184e-09
    0.0206472  3.35875e-09
    0.0206668  3.35433e-09
    0.0206863  3.35039e-09
    0.0207055   3.3465e-09
    0.0207246  3.34267e-09
    0.0207436   3.3389e-09
    0.0207624  3.33625e-09
     0.020781   3.3325e-09
    0.0207995  3.36749e-09
    0.0208178  3.36405e-09
     0.020836  3.36057e-09
     0.020854  3.35699e-09
    0.0208719  3.35356e-09
    0.0208897   3.3503e-09
    0.0209073  3.34633e-09
    0.0209248  3.34317e-09
    0.0209423  3.34046e-09
    0.0209596  3.33785e-09
    0.0209769  3.32771e-09
    0.0209941  3.32534e-09
    0.0210113  3.32298e-09
    0.0210285  3.32108e-09
    0.0210457  3.31823e-09
    0.0210629  3.31666e-09
    0.0210802  3.31308e-09
    0.0210976  3.31171e-09
    0.0211151  3.31046e-09
    0.0211328  3.30932e-09
    0.0211507  3.30831e-09
    0.0211687   3.3079e-09
     0.021187   3.3077e-09
    0.0212055  3.30716e-09
    0.0212242  3.30681e-09
    0.0212431  3.30666e-09
    0.0212622  3.30523e-09
    0.0212815  3.30546e-09
    0.0213009  3.30593e-09
    0.0213204  3.30651e-09
      0.02134  3.30744e-09
    0.0213598  3.30597e-09
    0.0213796  3.30586e-09
    0.0213997  3.30748e-09
    0.0214199  3.30908e-09
    0.0214404  3.30919e-09
    0.0214611  3.31124e-09
    0.0214821  3.31166e-09
    0.0215032  3.31422e-09
    0.0215246  3.31704e-09
    0.0215462  3.32013e-09
    0.0215679  3.32354e-09
    0.0215899  3.32657e-09
     0.021612  3.33057e-09
    0.0216344  3.33482e-09
    0.0216569  3.34113e-09
    0.0216797  3.34553e-09
    0.0217028  3.35013e-09
    0.0217261  3.35494e-09
    0.0217498  3.36004e-09
    0.0217739  3.36519e-09
    0.0217983  3.37048e-09
    0.0218233   3.3742e-09
    0.0218487  3.38067e-09
    0.0218746  3.38689e-09
    0.0219011  3.39321e-09
    0.0219282  3.39897e-09
    0.0219556  3.40492e-09
    0.0219834  3.41084e-09
    0.0220119  3.41749e-09
     0.022041  3.42078e-09
    0.0220711  3.42746e-09
    0.0221021  3.43442e-09
    0.0221344  3.44048e-09
     0.022168  3.44632e-09
     0.022203  3.45204e-09
    0.0222396  3.45769e-09
    0.0222763  3.45927e-09
    0.0223113  3.46412e-09
    0.0223452  3.46652e-09
    0.0223782  3.46774e-09
    0.0224108  3.46386e-09
    0.0224432  3.45656e-09
    0.0224755  3.45284e-09
    0.0225083  3.45228e-09
    0.0225415  3.44957e-09
    0.0225751  3.44539e-09
    0.0226089  3.43738e-09
    0.0226426   3.4322e-09
    0.0226757  3.42695e-09
    0.0227066  3.41771e-09
    0.0227354  3.41201e-09
    0.0227626  3.40705e-09
    0.0227884  3.39934e-09
     0.022813  3.38961e-09
    0.0228366  3.38538e-09
    0.0228594  3.38118e-09
    0.0228814  3.37719e-09
    0.0229028  3.37335e-09
    0.0229238  3.36962e-09
    0.0229443  3.36572e-09
    0.0229644  3.35925e-09
    0.0229843  3.34671e-09
    0.0230039  3.34267e-09
    0.0230232  3.33913e-09
    0.0230423  3.33563e-09
    0.0230613  3.33222e-09
      0.02308  3.32886e-09
    0.0230986   3.3266e-09
    0.0231171  3.32323e-09
    0.0231353  3.35835e-09
    0.0231534  3.35525e-09
    0.0231714  3.35197e-09
    0.0231892  3.34885e-09
    0.0232069  3.34593e-09
    0.0232244  3.34231e-09
    0.0232418  3.33958e-09
    0.0232591   3.3373e-09
    0.0232763  3.33518e-09
    0.0232934  3.32557e-09
    0.0233104  3.32371e-09
    0.0233274  3.32207e-09
    0.0233443  3.32077e-09
    0.0233613  3.31852e-09
    0.0233783  3.31757e-09
    0.0233954  3.31459e-09
    0.0234126  3.31385e-09
    0.0234299  3.31322e-09
    0.0234474  3.31273e-09
    0.0234651  3.31285e-09
     0.023483  3.31269e-09
    0.0235011  3.31316e-09
    0.0235195  3.31332e-09
    0.0235381  3.31368e-09
    0.0235569  3.31282e-09
    0.0235759  3.31357e-09
    0.0235952  3.31459e-09
    0.0236145  3.31575e-09
    0.0236339  3.31734e-09
    0.0236534  3.31657e-09
    0.0236732  3.31725e-09
    0.0236931  3.31883e-09
    0.0237132  3.32179e-09
    0.0237336  3.32252e-09
    0.0237542  3.32516e-09
     0.023775  3.32614e-09
    0.0237961  3.32922e-09
    0.0238173  3.33252e-09
    0.0238388  3.33607e-09
    0.0238604  3.33927e-09
    0.0238822  3.34337e-09
    0.0239041   3.3497e-09
    0.0239262  3.35389e-09
    0.0239485   3.3583e-09
     0.023971  3.36289e-09
    0.0239937  3.36767e-09
    0.0240168  3.37274e-09
    0.0240401  3.37781e-09
    0.0240639  3.38313e-09
     0.024088    3.387e-09
    0.0241126    3.393e-09
    0.0241377  3.39899e-09
    0.0241633  3.40434e-09
    0.0241895   3.4098e-09
     0.024216  3.41514e-09
    0.0242427  3.42072e-09
    0.0242697  3.42656e-09
    0.0242972  3.42895e-09
    0.0243253  3.43457e-09
    0.0243539  3.44032e-09
    0.0243834  3.44497e-09
    0.0244137  3.44942e-09
     0.024445  3.45362e-09
    0.0244774  3.45774e-09
     0.024511  3.45793e-09
     0.024546  3.46161e-09
    0.0245804  3.46286e-09
    0.0246138  3.46289e-09
    0.0246467  3.45336e-09
    0.0246793  3.44893e-09
     0.024712   3.4439e-09
     0.024745  3.44219e-09
    0.0247787  3.43826e-09
    0.0248128  3.43271e-09
    0.0248471  3.42346e-09
     0.024881  3.41736e-09
    0.0249132  3.40716e-09
    0.0249436   3.4005e-09
    0.0249721  3.39485e-09
    0.0249991  3.38627e-09
    0.0250246  3.37584e-09
    0.0250491  3.37092e-09
    0.0250726   3.3662e-09
    0.0250953  3.36189e-09
    0.0251172  3.35775e-09
    0.0251386  3.35363e-09
    0.0251594    3.347e-09
    0.0251798  3.34342e-09
    0.0251997  3.33044e-09
    0.0252194  3.32691e-09
    0.0252387  3.32345e-09
    0.0252578  3.32014e-09
    0.0252766  3.31689e-09
    0.0252952  3.31473e-09
    0.0253136  3.31153e-09
    0.0253319  3.34669e-09
    0.0253499  3.34351e-09
    0.0253678  3.34053e-09
    0.0253856  3.33773e-09
    0.0254032  3.33427e-09
    0.0254206  3.33175e-09
    0.0254379  3.32971e-09
    0.0254551  3.32784e-09
    0.0254722  3.31856e-09
    0.0254891  3.31696e-09
    0.0255061  3.31584e-09
     0.025523  3.31502e-09
    0.0255399  3.31333e-09
    0.0255568  3.31083e-09
    0.0255738  3.31057e-09
    0.0255908  3.31047e-09
    0.0256081  3.31053e-09
    0.0256254  3.31074e-09
     0.025643  3.31166e-09
    0.0256608  3.31276e-09
    0.0256788  3.31354e-09
    0.0256971  3.31455e-09
    0.0257156  3.31578e-09
    0.0257344   3.3158e-09
    0.0257534  3.31751e-09
    0.0257726   3.3195e-09
    0.0257918  3.32169e-09
    0.0258112  3.32174e-09
    0.0258307  3.32334e-09
    0.0258504  3.32584e-09
    0.0258703  3.32973e-09
    0.0258905  3.33142e-09
    0.0259109  3.33502e-09
    0.0259315  3.33696e-09
    0.0259524  3.34098e-09
    0.0259736  3.34519e-09
    0.0259949  3.34975e-09
    0.0260165  3.35365e-09
    0.0260382  3.35848e-09
    0.0260601  3.36516e-09
    0.0260821  3.36993e-09
    0.0261044  3.37484e-09
    0.0261268  3.37991e-09
    0.0261494  3.38525e-09
    0.0261723  3.39058e-09
    0.0261955  3.39617e-09
     0.026219  3.40246e-09
    0.0262429  3.40612e-09
    0.0262673   3.4121e-09
    0.0262922  3.41762e-09
    0.0263176  3.42266e-09
    0.0263436  3.42778e-09
    0.0263696  3.43315e-09
    0.0263956  3.43854e-09
    0.0264218  3.44031e-09
    0.0264484  3.44524e-09
    0.0264754  3.45021e-09
    0.0265028  3.45397e-09
    0.0265309  3.45749e-09
    0.0265598  3.46066e-09
    0.0265894  3.46367e-09
    0.0266201  3.46568e-09
    0.0266519  3.46366e-09
    0.0266849  3.46554e-09
    0.0267192  3.46432e-09
    0.0267527  3.45748e-09
    0.0267857  3.44732e-09
    0.0268185  3.44081e-09
    0.0268516  3.43753e-09
    0.0268852  3.43213e-09
    0.0269192  3.42511e-09
    0.0269534  3.41451e-09
    0.0269865  3.40734e-09
    0.0270179  3.39623e-09
    0.0270476  3.38874e-09
    0.0270755  3.37918e-09
     0.027102  3.36787e-09
    0.0271273  3.36224e-09
    0.0271514  3.35676e-09
    0.0271747  3.35172e-09
    0.0271972  3.34702e-09
     0.027219  3.34265e-09
    0.0272403  3.33654e-09
    0.0272611  3.33151e-09
    0.0272814  3.31854e-09
    0.0273013  3.31481e-09
    0.0273209  3.31125e-09
    0.0273403  3.30784e-09
    0.0273593  3.30459e-09
    0.0273781  3.30246e-09
    0.0273967  3.29933e-09
    0.0274151  3.33429e-09
    0.0274333  3.33132e-09
    0.0274513  3.32856e-09
    0.0274691  3.32513e-09
    0.0274868  3.32266e-09
    0.0275043  3.32075e-09
    0.0275216  3.31905e-09
    0.0275388  3.31757e-09
    0.0275559  3.30858e-09
    0.0275729  3.30753e-09
    0.0275898  3.30709e-09
    0.0276067  3.30579e-09
    0.0276236   3.3059e-09
    0.0276405  3.30406e-09
    0.0276575  3.30455e-09
    0.0276746  3.30523e-09
    0.0276918   3.3061e-09
    0.0277092  3.30771e-09
    0.0277267  3.30952e-09
    0.0277445  3.31104e-09
    0.0277626  3.31279e-09
    0.0277809  3.31479e-09
    0.0277995   3.3156e-09
    0.0278183  3.31813e-09
    0.0278373  3.32097e-09
    0.0278565  3.32402e-09
    0.0278757  3.32499e-09
    0.0278952  3.32688e-09
    0.0279148  3.33161e-09
    0.0279347  3.33584e-09
    0.0279548   3.3385e-09
    0.0279751  3.34309e-09
    0.0279956    3.346e-09
    0.0280165  3.35101e-09
    0.0280376  3.35621e-09
    0.0280589  3.36183e-09
    0.0280804   3.3667e-09
    0.0281021  3.37423e-09
     0.028124  3.37968e-09
    0.0281461  3.38523e-09
    0.0281683  3.39087e-09
    0.0281907  3.39673e-09
    0.0282134  3.40256e-09
    0.0282363  3.40874e-09
    0.0282595   3.4154e-09
    0.0282831  3.41931e-09
    0.0283071  3.42555e-09
    0.0283316  3.43125e-09
    0.0283565   3.4364e-09
    0.0283816  3.44147e-09
    0.0284065  3.44685e-09
    0.0284315    3.452e-09
    0.0284565  3.45336e-09
    0.0284818  3.45786e-09
    0.0285073  3.46234e-09
    0.0285333  3.46548e-09
    0.0285597  3.46835e-09
    0.0285868  3.47079e-09
    0.0286145    3.473e-09
     0.028643  3.47422e-09
    0.0286725  3.47138e-09
     0.028703  3.47243e-09
    0.0287346  3.47057e-09
    0.0287674  3.46282e-09
    0.0288015  3.45088e-09
    0.0288351  3.44279e-09
    0.0288688  3.43779e-09
    0.0289029  3.43074e-09
    0.0289372  3.42206e-09
    0.0289712  3.41001e-09
    0.0290036  3.40162e-09
    0.0290342  3.38946e-09
    0.0290632  3.38097e-09
    0.0290907   3.3705e-09
    0.0291168  3.35836e-09
    0.0291417  3.35192e-09
    0.0291656  3.34579e-09
    0.0291886  3.34015e-09
    0.0292109  3.33493e-09
    0.0292325  3.33008e-09
    0.0292536  3.32241e-09
    0.0292742  3.31783e-09
    0.0292943  3.30498e-09
    0.0293141  3.30101e-09
    0.0293336  3.29726e-09
    0.0293528  3.29373e-09
    0.0293717  3.29039e-09
    0.0293904   3.2882e-09
    0.0294089  3.28501e-09
    0.0294271  3.31992e-09
    0.0294452  3.31716e-09
    0.0294631  3.31468e-09
    0.0294808  3.31137e-09
    0.0294983   3.3096e-09
    0.0295157  3.30806e-09
    0.0295329  3.30678e-09
      0.02955  3.29794e-09
     0.029567  3.29712e-09
    0.0295839  3.29695e-09
    0.0296008  3.29717e-09
    0.0296177  3.29449e-09
    0.0296345  3.29525e-09
    0.0296514  3.29627e-09
    0.0296684  3.29754e-09
    0.0296855  3.29905e-09
    0.0297028  3.30135e-09
    0.0297203  3.30391e-09
    0.0297379  3.30622e-09
    0.0297558  3.30879e-09
     0.029774  3.31024e-09
    0.0297924  3.31333e-09
     0.029811  3.31676e-09
    0.0298299  3.32042e-09
    0.0298489  3.32457e-09
    0.0298681  3.32656e-09
    0.0298874   3.3294e-09
    0.0299069  3.33517e-09
    0.0299267  3.34053e-09
    0.0299467  3.34431e-09
    0.0299669  3.34816e-09
    0.0299874   3.3541e-09
    0.0300081  3.36025e-09
     0.030029  3.36677e-09
    0.0300502  3.37265e-09
    0.0300717  3.38132e-09
    0.0300933  3.38776e-09
    0.0301151  3.39426e-09
    0.0301371   3.4008e-09
    0.0301593   3.4075e-09
    0.0301817  3.41412e-09
    0.0302043  3.42098e-09
    0.0302273  3.42837e-09
    0.0302505  3.43288e-09
    0.0302742   3.4397e-09
    0.0302982  3.44592e-09
    0.0303228  3.45152e-09
    0.0303474  3.45693e-09
    0.0303718  3.46267e-09
    0.0303962  3.46795e-09
    0.0304206  3.47271e-09
    0.0304451   3.4737e-09
    0.0304699   3.4776e-09
    0.0304951  3.48113e-09
    0.0305206  3.48341e-09
    0.0305466  3.48544e-09
    0.0305731  3.48719e-09
    0.0306003  3.48781e-09
    0.0306283  3.48714e-09
    0.0306572  3.48464e-09
    0.0306871  3.48209e-09
    0.0307181  3.47431e-09
    0.0307504  3.46072e-09
    0.0307841  3.45169e-09
    0.0308181  3.44488e-09
    0.0308522  3.43608e-09
    0.0308865  3.42567e-09
    0.0309206  3.41177e-09
    0.0309531  3.40159e-09
     0.030984  3.38769e-09
    0.0310133  3.37758e-09
     0.031041  3.36559e-09
    0.0310673  3.35206e-09
    0.0310923  3.34432e-09
    0.0311163  3.33705e-09
    0.0311394  3.33037e-09
    0.0311616  3.32421e-09
    0.0311832  3.31655e-09
    0.0312043  3.31008e-09
    0.0312248  3.30485e-09
     0.031245  3.29138e-09
    0.0312648  3.28683e-09
    0.0312842  3.28256e-09
    0.0313034  3.27857e-09
    0.0313223  3.27482e-09
     0.031341  3.27222e-09
    0.0313595  3.26848e-09
    0.0313777  3.30323e-09
    0.0313958  3.30039e-09
    0.0314137   3.2968e-09
    0.0314314   3.2948e-09
    0.0314489  3.29312e-09
    0.0314662  3.29172e-09
    0.0314834  3.29038e-09
    0.0315004  3.28185e-09
    0.0315173  3.28156e-09
    0.0315341  3.28192e-09
    0.0315508  3.27943e-09
    0.0315675  3.28045e-09
    0.0315842  3.28178e-09
     0.031601  3.28341e-09
    0.0316178  3.28534e-09
    0.0316348  3.28808e-09
    0.0316519  3.29065e-09
    0.0316692    3.294e-09
    0.0316867  3.29715e-09
    0.0317044   3.2992e-09
    0.0317224  3.30293e-09
    0.0317407  3.30702e-09
    0.0317593  3.31138e-09
    0.0317781  3.31629e-09
    0.0317971  3.31906e-09
    0.0318163  3.32284e-09
    0.0318357  3.32958e-09
    0.0318553  3.33598e-09
    0.0318752  3.34091e-09
    0.0318953  3.34595e-09
    0.0319156  3.35309e-09
    0.0319362  3.36043e-09
     0.031957  3.36818e-09
     0.031978  3.37528e-09
    0.0319992  3.38511e-09
    0.0320207  3.39281e-09
    0.0320423  3.40057e-09
    0.0320642  3.40836e-09
    0.0320862  3.41629e-09
    0.0321085  3.42408e-09
    0.0321311  3.43246e-09
     0.032154  3.44072e-09
    0.0321771  3.44629e-09
    0.0322007  3.45366e-09
    0.0322246  3.46062e-09
    0.0322491  3.46692e-09
    0.0322736  3.47347e-09
     0.032298   3.4798e-09
    0.0323223  3.48549e-09
    0.0323467  3.48715e-09
    0.0323713  3.49175e-09
    0.0323961  3.49596e-09
    0.0324213  3.49868e-09
    0.0324468  3.50107e-09
    0.0324729   3.5031e-09
    0.0324995    3.504e-09
    0.0325269  3.50353e-09
     0.032555  3.50087e-09
    0.0325841  3.49831e-09
    0.0326143  3.49208e-09
    0.0326457  3.48228e-09
    0.0326784   3.4679e-09
    0.0327119  3.45685e-09
    0.0327453  3.44879e-09
     0.032779  3.43831e-09
    0.0328127  3.42269e-09
    0.0328458  3.41056e-09
    0.0328775   3.3945e-09
    0.0329079  3.38221e-09
    0.0329367  3.36807e-09
     0.032964   3.3525e-09
    0.0329899  3.34292e-09
    0.0330146  3.33389e-09
    0.0330382  3.32558e-09
     0.033061  3.31795e-09
    0.0330831  3.30892e-09
    0.0331045  3.30084e-09
    0.0331254  3.29485e-09
    0.0331459  3.28035e-09
     0.033166   3.2748e-09
    0.0331858  3.26959e-09
    0.0332052  3.26471e-09
    0.0332244  3.26016e-09
    0.0332433   3.2565e-09
     0.033262  3.25217e-09
    0.0332805  3.28628e-09
    0.0332987  3.28188e-09
    0.0333168  3.27919e-09
    0.0333346  3.27688e-09
    0.0333523  3.27493e-09
    0.0333698  3.27306e-09
    0.0333871  3.27165e-09
    0.0334043  3.26326e-09
    0.0334214  3.26327e-09
    0.0334384  3.26061e-09
    0.0334554  3.26155e-09
    0.0334723  3.26288e-09
    0.0334893  3.26458e-09
    0.0335063  3.26663e-09
    0.0335234  3.26905e-09
    0.0335406  3.27237e-09
     0.033558  3.27604e-09
    0.0335756  3.27956e-09
    0.0335934  3.28202e-09
    0.0336116  3.28623e-09
    0.0336299  3.29086e-09
    0.0336486  3.29583e-09
    0.0336674  3.29887e-09
    0.0336864  3.30344e-09
    0.0337056  3.31008e-09
    0.0337249  3.31705e-09
    0.0337445  3.32257e-09
    0.0337644  3.33023e-09
    0.0337845  3.33638e-09
    0.0338048  3.34468e-09
    0.0338253  3.35323e-09
     0.033846  3.36226e-09
     0.033867  3.37063e-09
    0.0338882  3.38167e-09
    0.0339096  3.39068e-09
    0.0339313   3.3998e-09
    0.0339532  3.40898e-09
    0.0339753  3.41833e-09
    0.0339977  3.42755e-09
    0.0340204  3.43767e-09
    0.0340433  3.44704e-09
    0.0340667  3.45379e-09
    0.0340904  3.46224e-09
    0.0341146  3.46998e-09
    0.0341393  3.47773e-09
    0.0341648   3.4857e-09
    0.0341901  3.49292e-09
    0.0342154  3.49935e-09
    0.0342409  3.50172e-09
    0.0342666  3.50659e-09
    0.0342926  3.51064e-09
     0.034319  3.51376e-09
    0.0343458  3.51642e-09
    0.0343731  3.51759e-09
    0.0344012  3.51714e-09
    0.0344301  3.51453e-09
      0.03446  3.51155e-09
    0.0344911  3.50228e-09
    0.0345234  3.49177e-09
    0.0345571  3.47656e-09
    0.0345918  3.46745e-09
    0.0346265  3.45592e-09
    0.0346613  3.44242e-09
    0.0346949   3.4256e-09
    0.0347272  3.41235e-09
    0.0347581  3.39523e-09
    0.0347875   3.3819e-09
    0.0348155   3.3668e-09
    0.0348421   3.3504e-09
    0.0348673   3.3398e-09
    0.0348913  3.33004e-09
    0.0349144  3.32103e-09
    0.0349368  3.31269e-09
    0.0349584  3.30181e-09
    0.0349795  3.29428e-09
        0.035  3.28765e-09
    0.0350202  3.27231e-09
    0.0350399  3.26616e-09
    0.0350593   3.2604e-09
    0.0350784    3.255e-09
    0.0350973  3.25064e-09
    0.0351159  3.24551e-09
    0.0351342  3.27886e-09
    0.0351524  3.27374e-09
    0.0351704  3.27041e-09
    0.0351882  3.26749e-09
    0.0352058  3.26499e-09
    0.0352232  3.26257e-09
    0.0352405   3.2607e-09
    0.0352576   3.2518e-09
    0.0352746  3.25129e-09
    0.0352915  3.24832e-09
    0.0353083  3.24903e-09
    0.0353251  3.25016e-09
    0.0353419  3.25172e-09
    0.0353588  3.25369e-09
    0.0353757  3.25606e-09
    0.0353928  3.25936e-09
      0.03541  3.26309e-09
    0.0354274  3.26669e-09
    0.0354451   3.2693e-09
     0.035463  3.27367e-09
    0.0354812  3.27851e-09
    0.0354997  3.28371e-09
    0.0355184  3.28703e-09
    0.0355371  3.29188e-09
    0.0355561  3.29885e-09
    0.0355753  3.30626e-09
    0.0355947  3.31225e-09
    0.0356143  3.32042e-09
    0.0356342  3.32719e-09
    0.0356543  3.33618e-09
    0.0356745  3.34548e-09
     0.035695  3.35528e-09
    0.0357157  3.36447e-09
    0.0357367  3.37643e-09
    0.0357578  3.38633e-09
    0.0357791  3.39637e-09
    0.0358007  3.40653e-09
    0.0358225  3.41691e-09
    0.0358446  3.42717e-09
    0.0358669  3.43839e-09
    0.0358896  3.44893e-09
    0.0359126   3.4568e-09
     0.035936  3.46635e-09
    0.0359599  3.47518e-09
    0.0359843  3.48409e-09
    0.0360089  3.49301e-09
    0.0360333  3.50111e-09
    0.0360576  3.50836e-09
     0.036082  3.51145e-09
    0.0361066  3.51704e-09
    0.0361313  3.52209e-09
    0.0361563  3.52567e-09
    0.0361816  3.52906e-09
    0.0362073  3.53102e-09
    0.0362336  3.53142e-09
    0.0362605  3.53254e-09
    0.0362881  3.52758e-09
    0.0363166  3.52079e-09
    0.0363462  3.51157e-09
    0.0363769  3.49737e-09
    0.0364088  3.48596e-09
    0.0364417  3.47776e-09
    0.0364751  3.46462e-09
    0.0365083  3.45062e-09
    0.0365406  3.43309e-09
    0.0365719    3.419e-09
    0.0366017  3.40106e-09
    0.0366301  3.38689e-09
    0.0366571  3.37104e-09
    0.0366828  3.35379e-09
    0.0367074  3.34228e-09
     0.036731   3.3316e-09
    0.0367537  3.32164e-09
    0.0367758  3.31234e-09
    0.0367972  3.30054e-09
    0.0368181  3.29209e-09
    0.0368386  3.28452e-09
    0.0368587   3.2682e-09
    0.0368786  3.26113e-09
    0.0368982  3.25445e-09
    0.0369175  3.24814e-09
    0.0369367  3.24268e-09
    0.0369556  3.23675e-09
    0.0369744  3.26848e-09
    0.0369929  3.26379e-09
    0.0370113  3.25986e-09
    0.0370294  3.25641e-09
    0.0370473  3.25319e-09
    0.0370651  3.25049e-09
    0.0370826  3.24844e-09
    0.0370999  3.23951e-09
    0.0371171  3.23594e-09
    0.0371341  3.23619e-09
    0.0371511  3.23693e-09
    0.0371679  3.23816e-09
    0.0371847  3.23986e-09
    0.0372015    3.242e-09
    0.0372183  3.24458e-09
    0.0372352  3.24866e-09
    0.0372522  3.25213e-09
    0.0372694  3.25462e-09
    0.0372868  3.25887e-09
    0.0373044  3.26357e-09
    0.0373224  3.26876e-09
    0.0373405  3.27187e-09
     0.037359  3.27805e-09
    0.0373776   3.2835e-09
    0.0373963  3.29039e-09
    0.0374154  3.29717e-09
    0.0374347  3.30549e-09
    0.0374543  3.31251e-09
    0.0374741  3.32192e-09
    0.0374941  3.33176e-09
    0.0375145  3.34201e-09
     0.037535  3.35203e-09
    0.0375557  3.36293e-09
    0.0375767  3.37563e-09
    0.0375978  3.38652e-09
    0.0376193  3.39758e-09
    0.0376409  3.40891e-09
    0.0376628   3.4202e-09
     0.037685  3.43224e-09
    0.0377075  3.44412e-09
    0.0377304  3.45325e-09
    0.0377536  3.46407e-09
    0.0377772  3.47413e-09
    0.0378014  3.48407e-09
     0.037826  3.49427e-09
    0.0378504  3.50358e-09
    0.0378746  3.51198e-09
    0.0378988  3.51612e-09
    0.0379231   3.5228e-09
    0.0379477  3.52886e-09
    0.0379725  3.53341e-09
    0.0379976  3.53775e-09
    0.0380231  3.54064e-09
    0.0380492   3.5419e-09
    0.0380758  3.54384e-09
    0.0381031  3.53955e-09
    0.0381311  3.53351e-09
    0.0381602  3.52485e-09
    0.0381903  3.51459e-09
    0.0382214  3.50011e-09
    0.0382535  3.49217e-09
    0.0382862  3.47913e-09
    0.0383188  3.46502e-09
    0.0383505   3.4472e-09
    0.0383814  3.43271e-09
    0.0384112  3.41402e-09
    0.0384398   3.3989e-09
    0.0384674  3.38177e-09
    0.0384938  3.36313e-09
     0.038519  3.35029e-09
    0.0385434  3.33819e-09
    0.0385668  3.32687e-09
    0.0385896  3.31626e-09
    0.0386116  3.30321e-09
    0.0386332  3.29357e-09
    0.0386542  3.28487e-09
    0.0386749  3.26743e-09
    0.0386952  3.25933e-09
    0.0387152  3.25168e-09
     0.038735  3.24431e-09
    0.0387545  3.23797e-09
    0.0387739  3.23123e-09
     0.038793  3.26198e-09
    0.0388118  3.25685e-09
    0.0388304  3.25224e-09
    0.0388488  3.24807e-09
    0.0388669  3.24422e-09
    0.0388848  3.24109e-09
    0.0389025  3.23865e-09
      0.03892  3.22734e-09
    0.0389373  3.22563e-09
    0.0389545  3.22561e-09
    0.0389716  3.22613e-09
    0.0389886  3.22716e-09
    0.0390057  3.22869e-09
    0.0390228  3.23071e-09
    0.0390399  3.23374e-09
    0.0390573  3.23728e-09
    0.0390748  3.23937e-09
    0.0390926   3.2433e-09
    0.0391106  3.24774e-09
    0.0391289  3.25272e-09
    0.0391475  3.25568e-09
    0.0391662  3.26175e-09
    0.0391851  3.26709e-09
    0.0392041  3.27459e-09
    0.0392233  3.28085e-09
    0.0392428  3.28744e-09
    0.0392626  3.29651e-09
    0.0392826  3.30617e-09
    0.0393028   3.3164e-09
    0.0393233   3.3271e-09
     0.039344  3.33764e-09
    0.0393649   3.3491e-09
     0.039386  3.36253e-09
    0.0394074  3.37407e-09
    0.0394289  3.38584e-09
    0.0394507  3.39791e-09
    0.0394728     3.41e-09
    0.0394951  3.42277e-09
    0.0395178  3.43567e-09
    0.0395409  3.44582e-09
    0.0395643  3.45765e-09
    0.0395881  3.46873e-09
    0.0396124  3.47973e-09
    0.0396374  3.49103e-09
    0.0396623  3.50144e-09
     0.039687  3.51087e-09
    0.0397118  3.51617e-09
    0.0397366  3.52351e-09
    0.0397616  3.53038e-09
    0.0397869  3.53583e-09
    0.0398125  3.54072e-09
    0.0398385  3.54398e-09
     0.039865  3.54747e-09
    0.0398923  3.54795e-09
    0.0399203  3.54379e-09
    0.0399493  3.53632e-09
    0.0399794  3.52743e-09
    0.0400108  3.51339e-09
    0.0400436  3.50504e-09
    0.0400772  3.49345e-09
     0.040111  3.47959e-09
    0.0401439  3.46172e-09
    0.0401759  3.44671e-09
    0.0402069  3.42746e-09
    0.0402367  3.41178e-09
    0.0402653  3.39708e-09
    0.0402925  3.37444e-09
    0.0403185  3.36091e-09
    0.0403434  3.34807e-09
    0.0403671  3.33612e-09
    0.0403899  3.32494e-09
     0.040412  3.31139e-09
    0.0404334  3.30122e-09
    0.0404542  3.29205e-09
    0.0404745  3.27419e-09
    0.0404944   3.2657e-09
    0.0405139  3.25766e-09
     0.040533  3.25003e-09
    0.0405519  3.24329e-09
    0.0405705   3.2361e-09
    0.0405889   3.2665e-09
    0.0406071  3.26057e-09
     0.040625  3.25537e-09
    0.0406428  3.25064e-09
    0.0406604  3.24609e-09
    0.0406779  3.24215e-09
    0.0406952  3.23888e-09
    0.0407123  3.22873e-09
    0.0407294  3.22392e-09
    0.0407463  3.22307e-09
    0.0407632  3.22279e-09
      0.04078  3.22304e-09
    0.0407968  3.22382e-09
    0.0408137  3.22512e-09
    0.0408306  3.22693e-09
    0.0408477  3.23031e-09
     0.040865  3.23181e-09
    0.0408825   3.2351e-09
    0.0409002   3.2389e-09
    0.0409182  3.24324e-09
    0.0409366  3.24804e-09
    0.0409551  3.25101e-09
    0.0409736  3.25567e-09
    0.0409924  3.26237e-09
    0.0410112  3.26987e-09
    0.0410303  3.27607e-09
    0.0410497  3.28268e-09
    0.0410692  3.29179e-09
     0.041089  3.30151e-09
    0.0411091  3.31179e-09
    0.0411294  3.32262e-09
    0.0411499  3.33327e-09
    0.0411706  3.34489e-09
    0.0411915  3.35839e-09
    0.0412127  3.37015e-09
    0.0412341  3.38217e-09
    0.0412556  3.39454e-09
    0.0412775  3.40696e-09
    0.0412996  3.42029e-09
    0.0413221  3.43344e-09
     0.041345  3.44398e-09
    0.0413682  3.45621e-09
    0.0413918  3.46772e-09
     0.041416  3.47937e-09
    0.0414408  3.49115e-09
    0.0414655  3.50204e-09
      0.04149  3.51192e-09
    0.0415144  3.51761e-09
    0.0415388   3.5258e-09
    0.0415634  3.53255e-09
    0.0415882  3.53868e-09
    0.0416133  3.54394e-09
    0.0416387  3.54761e-09
    0.0416645  3.55165e-09
    0.0416909  3.55266e-09
    0.0417179  3.54911e-09
    0.0417457  3.54249e-09
    0.0417746  3.53451e-09
    0.0418046   3.5249e-09
    0.0418358  3.51414e-09
    0.0418679  3.50354e-09
    0.0419006  3.49058e-09
     0.041933  3.47647e-09
    0.0419646  3.45846e-09
    0.0419954  3.44355e-09
    0.0420252  3.42435e-09
    0.0420536  3.40884e-09
    0.0420808  3.39131e-09
    0.0421066   3.3723e-09
    0.0421312  3.35905e-09
    0.0421548  3.34663e-09
    0.0421776  3.33496e-09
    0.0421996  3.32202e-09
    0.0422209  3.31015e-09
    0.0422417  3.30043e-09
     0.042262  3.28208e-09
    0.0422819  3.27298e-09
    0.0423015  3.26431e-09
    0.0423208  3.25606e-09
    0.0423397   3.2489e-09
    0.0423585  3.24096e-09
     0.042377  3.27152e-09
    0.0423952  3.26381e-09
    0.0424133  3.25792e-09
    0.0424311   3.2525e-09
    0.0424488   3.2474e-09
    0.0424663  3.24272e-09
    0.0424836  3.23873e-09
    0.0425008  3.23542e-09
    0.0425178  3.22328e-09
    0.0425346  3.22067e-09
    0.0425514  3.21977e-09
    0.0425681  3.21941e-09
    0.0425847  3.21961e-09
    0.0426013  3.22033e-09
     0.042618  3.22158e-09
    0.0426347  3.22386e-09
    0.0426516  3.22666e-09
    0.0426686  3.22808e-09
    0.0426859   3.2313e-09
    0.0427034  3.23504e-09
    0.0427212  3.23931e-09
    0.0427393  3.24157e-09
    0.0427577  3.24694e-09
    0.0427761  3.25158e-09
    0.0427947   3.2583e-09
    0.0428134  3.26465e-09
    0.0428325   3.2701e-09
    0.0428517   3.2786e-09
    0.0428712  3.28777e-09
    0.0428909  3.29758e-09
    0.0429109  3.30795e-09
    0.0429311  3.31908e-09
    0.0429515   3.3297e-09
    0.0429721  3.34341e-09
    0.0429929  3.35502e-09
    0.0430139  3.36692e-09
    0.0430351  3.37911e-09
    0.0430566  3.39169e-09
    0.0430783  3.40427e-09
    0.0431003    3.418e-09
    0.0431227  3.42895e-09
    0.0431454  3.44209e-09
    0.0431684  3.45458e-09
    0.0431919  3.46634e-09
    0.0432159  3.47839e-09
    0.0432401  3.49029e-09
     0.043264  3.50125e-09
    0.0432877  3.51127e-09
    0.0433114  3.51718e-09
    0.0433351  3.52564e-09
    0.0433589  3.53257e-09
    0.0433829  3.53919e-09
    0.0434073  3.54492e-09
     0.043432  3.54913e-09
     0.043457  3.55372e-09
    0.0434826   3.5554e-09
    0.0435088  3.55256e-09
    0.0435356  3.54687e-09
    0.0435632  3.53997e-09
    0.0435918  3.53153e-09
    0.0436215   3.5219e-09
     0.043652  3.51256e-09
    0.0436831  3.50094e-09
    0.0437142  3.48809e-09
    0.0437449  3.47119e-09
     0.043775  3.45691e-09
    0.0438041  3.43837e-09
    0.0438321  3.42331e-09
    0.0438592  3.40912e-09
    0.0438852  3.38667e-09
    0.0439102  3.37323e-09
    0.0439344  3.36016e-09
    0.0439577   3.3478e-09
    0.0439803  3.33613e-09
    0.0440022  3.32202e-09
    0.0440235  3.31115e-09
    0.0440444  3.29232e-09
    0.0440649  3.28258e-09
     0.044085  3.27329e-09
    0.0441048  3.26444e-09
    0.0441243  3.25647e-09
    0.0441436   3.2484e-09
    0.0441626  3.24031e-09
    0.0441815  3.26993e-09
    0.0442003  3.26309e-09
    0.0442189  3.25703e-09
    0.0442372   3.2515e-09
    0.0442554  3.24615e-09
    0.0442734  3.24152e-09
    0.0442912  3.23765e-09
    0.0443088  3.22594e-09
    0.0443263  3.22179e-09
    0.0443436  3.22052e-09
    0.0443608  3.21985e-09
    0.0443779  3.21977e-09
    0.0443949  3.22025e-09
    0.0444119  3.22129e-09
     0.044429  3.22312e-09
    0.0444462  3.22603e-09
    0.0444635  3.22731e-09
    0.0444809   3.2304e-09
    0.0444986    3.234e-09
    0.0445165  3.23814e-09
    0.0445348  3.24026e-09
    0.0445532  3.24549e-09
    0.0445717  3.24999e-09
    0.0445903  3.25654e-09
    0.0446091  3.26208e-09
    0.0446281  3.26802e-09
    0.0446472  3.27637e-09
    0.0446667  3.28542e-09
    0.0446864   3.2951e-09
    0.0447064  3.30541e-09
    0.0447266  3.31649e-09
     0.044747  3.32712e-09
    0.0447677  3.33994e-09
    0.0447886  3.35266e-09
    0.0448098   3.3647e-09
    0.0448312    3.377e-09
    0.0448528  3.38969e-09
    0.0448747  3.40243e-09
    0.0448969  3.41619e-09
    0.0449194  3.42736e-09
    0.0449421  3.44068e-09
    0.0449653  3.45336e-09
     0.044989  3.46534e-09
     0.045013   3.4775e-09
    0.0450372  3.48959e-09
     0.045061  3.50071e-09
    0.0450847  3.51087e-09
    0.0451082  3.51691e-09
    0.0451317  3.52547e-09
    0.0451553  3.53278e-09
    0.0451792  3.53922e-09
    0.0452033  3.54512e-09
    0.0452276  3.54955e-09
    0.0452524  3.55434e-09
    0.0452775  3.55634e-09
    0.0453032  3.55386e-09
    0.0453294  3.54872e-09
    0.0453562  3.54248e-09
    0.0453839  3.53584e-09
    0.0454124  3.52448e-09
    0.0454418  3.51753e-09
    0.0454718  3.50687e-09
    0.0455022  3.49495e-09
    0.0455323  3.48203e-09
    0.0455621  3.46506e-09
    0.0455911  3.45123e-09
    0.0456192  3.43306e-09
    0.0456464  3.41839e-09
    0.0456728  3.40128e-09
    0.0456981  3.38254e-09
    0.0457226   3.3694e-09
    0.0457462  3.35686e-09
    0.0457691  3.34498e-09
    0.0457912  3.33348e-09
    0.0458128     3.32e-09
    0.0458338  3.30956e-09
    0.0458545  3.29089e-09
    0.0458747  3.28148e-09
    0.0458946  3.27248e-09
    0.0459142  3.26392e-09
    0.0459335  3.25658e-09
    0.0459526  3.24824e-09
    0.0459715  3.27852e-09
    0.0459903  3.27032e-09
    0.0460087  3.26406e-09
    0.0460271  3.25828e-09
    0.0460452  3.25293e-09
    0.0460631  3.24789e-09
    0.0460808  3.24356e-09
    0.0460984  3.23995e-09
    0.0461158  3.22753e-09
    0.0461331  3.22468e-09
    0.0461502  3.22358e-09
    0.0461672  3.22304e-09
    0.0461842  3.22308e-09
    0.0462011  3.22365e-09
    0.0462181  3.22476e-09
    0.0462351  3.22691e-09
    0.0462523  3.22959e-09
    0.0462697  3.23087e-09
    0.0462872  3.23398e-09
     0.046305  3.23759e-09
     0.046323  3.24174e-09
    0.0463414  3.24387e-09
    0.0463598  3.24912e-09
    0.0463784  3.25364e-09
    0.0463972  3.26027e-09
     0.046416  3.26614e-09
    0.0464351  3.27169e-09
    0.0464545  3.28006e-09
    0.0464741  3.28909e-09
    0.0464939  3.29874e-09
    0.0465139  3.30893e-09
    0.0465342  3.31948e-09
    0.0465547  3.33031e-09
    0.0465754  3.34387e-09
    0.0465965  3.35537e-09
    0.0466177  3.36718e-09
    0.0466391  3.37922e-09
    0.0466608  3.39164e-09
    0.0466828  3.40408e-09
     0.046705  3.41763e-09
    0.0467276  3.42845e-09
    0.0467505  3.44142e-09
    0.0467739  3.45379e-09
    0.0467976  3.46543e-09
    0.0468217  3.47733e-09
    0.0468456  3.48892e-09
    0.0468691  3.49958e-09
    0.0468925  3.50932e-09
    0.0469158  3.51503e-09
    0.0469394  3.52333e-09
    0.0469631  3.53042e-09
     0.046987  3.53663e-09
    0.0470111  3.54236e-09
    0.0470356  3.54663e-09
    0.0470605  3.55124e-09
    0.0470859  3.55309e-09
    0.0471117  3.55048e-09
    0.0471382  3.54519e-09
    0.0471654  3.53877e-09
    0.0471935  3.53193e-09
    0.0472224   3.5189e-09
    0.0472523   3.5133e-09
    0.0472828  3.50246e-09
    0.0473137  3.49033e-09
    0.0473442  3.47739e-09
    0.0473744  3.46038e-09
    0.0474039  3.44645e-09
    0.0474324  3.42825e-09
      0.04746  3.41358e-09
    0.0474865  3.39674e-09
    0.0475121  3.37813e-09
    0.0475368  3.36519e-09
    0.0475605  3.35301e-09
    0.0475835  3.34144e-09
    0.0476056  3.32865e-09
    0.0476272  3.31725e-09
    0.0476482  3.30725e-09
    0.0476688  3.28894e-09
    0.0476889  3.27998e-09
    0.0477087  3.27143e-09
    0.0477283  3.26322e-09
    0.0477475  3.25626e-09
    0.0477666  3.24828e-09
    0.0477854  3.27898e-09
     0.047804  3.27117e-09
    0.0478223   3.2653e-09
    0.0478404  3.25989e-09
    0.0478584   3.2549e-09
    0.0478761   3.2502e-09
    0.0478937  3.24617e-09
    0.0479111  3.24283e-09
    0.0479284  3.23062e-09
    0.0479455  3.22799e-09
    0.0479626  3.22705e-09
    0.0479796  3.22668e-09
    0.0479966  3.22685e-09
    0.0480135  3.22755e-09
    0.0480305  3.22877e-09
    0.0480475  3.23101e-09
    0.0480646  3.23375e-09
    0.0480819  3.23509e-09
    0.0480993  3.23821e-09
    0.0481171  3.24182e-09
     0.048135  3.24595e-09
    0.0481533  3.24805e-09
    0.0481716  3.25321e-09
    0.0481901  3.25762e-09
    0.0482087  3.26409e-09
    0.0482276  3.26954e-09
    0.0482466  3.27715e-09
    0.0482659  3.28346e-09
    0.0482854  3.29225e-09
    0.0483051  3.30163e-09
     0.048325  3.31152e-09
    0.0483452  3.32202e-09
    0.0483657  3.33221e-09
    0.0483863  3.34346e-09
    0.0484073  3.35668e-09
    0.0484283  3.36801e-09
    0.0484495   3.3796e-09
     0.048471  3.39157e-09
    0.0484929   3.4036e-09
     0.048515  3.41639e-09
    0.0485375  3.42933e-09
      0.04856   3.4395e-09
    0.0485833  3.45157e-09
    0.0486069  3.46294e-09
    0.0486305    3.474e-09
    0.0486545  3.48546e-09
    0.0486781  3.49599e-09
    0.0487017  3.50571e-09
    0.0487253  3.51123e-09
    0.0487489  3.51933e-09
    0.0487725  3.52674e-09
    0.0487966  3.53274e-09
    0.0488207  3.53853e-09
    0.0488447  3.54307e-09
    0.0488693  3.54617e-09
    0.0488944  3.54991e-09
    0.0489196  3.55068e-09
    0.0489453   3.5471e-09
    0.0489717  3.54097e-09
    0.0489995   3.5335e-09
     0.049028  3.52463e-09
    0.0490575  3.51487e-09
    0.0490879  3.50544e-09
    0.0491194  3.49366e-09
    0.0491508  3.48075e-09
    0.0491811  3.46407e-09
    0.0492115  3.45019e-09
    0.0492407  3.43203e-09
    0.0492688  3.41742e-09
    0.0492959  3.40375e-09
     0.049322   3.3819e-09
    0.0493471  3.36909e-09
    0.0493712  3.35669e-09
    0.0493945    3.345e-09
     0.049417  3.33409e-09
    0.0494394  3.32036e-09
    0.0494609  3.31005e-09
    0.0494817  3.30096e-09
    0.0495024  3.28295e-09
    0.0495223  3.27444e-09
    0.0495422   3.2662e-09
    0.0495613  3.25861e-09
    0.0495804  3.25198e-09
    0.0495994  3.24444e-09
    0.0496176  3.27565e-09
    0.0496359  3.26844e-09
    0.0496541  3.26298e-09
    0.0496723  3.25793e-09
    0.0496895  3.25356e-09
    0.0497068  3.24934e-09
     0.049724  3.24572e-09
    0.0497413  3.24271e-09
    0.0497585  3.23284e-09
    0.0497758  3.22836e-09
    0.0497918  3.22778e-09
    0.0498078  3.22766e-09
    0.0498238  3.22799e-09
    0.0498398  3.22878e-09
    0.0498558     3.23e-09
    0.0498719  3.23164e-09
    0.0498879  3.23475e-09
    0.0499039  3.23724e-09
    0.0499199  3.23869e-09
    0.0499359  3.24185e-09
    0.0499519  3.24536e-09
     0.049968  3.24923e-09
     0.049984  3.25336e-09
         0.05  3.25546e-09
