#        Time  average
            1      1730.99
            2      934.446
            3      1331.08
            4      1556.94
            5      1603.85
            6      1653.99
            7      1674.86
            8       1684.9
            9       1688.8
           10      1689.23
           11      1687.76
           12      1684.92
           13      1679.33
           14      1674.62
           15      1669.87
           16      1664.67
           17      1659.78
           18      1655.08
           19      1650.83
           20      1646.95
           21      1643.52
           22      1640.52
           23      1637.92
           24      1635.71
           25      1633.81
           26      1632.22
           27      1630.88
           28      1629.77
           29      1628.85
           30      1628.09
           31      1627.47
           32      1626.96
           33      1626.54
           34       1626.2
           35      1625.95
           36      1625.68
           37      1625.54
           38      1625.34
           39      1625.24
           40      1625.14
           41      1625.06
           42         1625
           43      1624.94
           44       1624.9
           45      1624.86
           46      1624.83
           47      1624.81
           48      1624.79
           49      1624.77
           50      1624.76
           51      1624.75
           52      1624.74
           53      1624.74
           54      1624.73
           55      1624.73
           56      1624.72
           57      1624.71
           58      1624.72
           59      1624.72
           60      1624.71
           61      1624.71
           62      1624.71
           63      1624.71
           64      1624.71
           65      1624.71
           66      1624.71
           67      1624.71
           68      1624.71
           69      1624.71
           70      1624.71
           71      1624.71
           72      1624.71
           73      1624.71
           74      1624.71
           75      1624.71
           76      1624.71
           77      1624.71
           78      1624.71
           79      1624.71
           80      1624.71
           81      1624.71
           82      1624.71
           83      1624.71
           84      1624.71
           85      1624.71
           86      1624.71
           87      1624.71
           88      1624.71
           89      1624.71
           90      1624.71
           91      1624.71
           92      1624.71
           93      1624.71
           94      1624.71
           95      1624.71
           96      1624.71
           97      1624.71
           98      1624.71
           99      1624.71
          100      1624.71
