#        Time  average
            1     -1316.74
            2     -1320.19
            3     -1387.44
            4      -1476.9
            5     -1494.11
            6     -1505.47
            7     -1514.87
            8     -1522.75
            9      -1528.8
           10     -1532.91
           11     -1535.88
           12     -1537.87
           13     -1539.59
           14     -1538.46
           15     -1537.03
           16     -1535.38
           17     -1533.69
           18     -1531.95
           19     -1530.31
           20     -1528.76
           21     -1527.32
           22        -1526
           23      -1524.8
           24     -1523.73
           25     -1522.76
           26     -1521.91
           27     -1521.14
           28     -1520.47
           29     -1519.87
           30     -1519.34
           31     -1518.87
           32     -1518.45
           33     -1518.08
           34     -1517.74
           35     -1517.45
           36     -1517.14
           37     -1516.93
           38     -1516.67
           39      -1516.5
           40     -1516.32
           41     -1516.17
           42     -1516.03
           43      -1515.9
           44     -1515.79
           45     -1515.69
           46     -1515.61
           47     -1515.53
           48     -1515.46
           49      -1515.4
           50     -1515.35
           51      -1515.3
           52     -1515.26
           53     -1515.24
           54     -1515.19
           55     -1515.17
           56     -1515.16
           57     -1515.12
           58     -1515.11
           59      -1515.1
           60     -1515.08
           61     -1515.07
           62     -1515.06
           63     -1515.05
           64     -1515.05
           65     -1515.04
           66     -1515.04
           67     -1515.03
           68     -1515.03
           69     -1515.03
           70     -1515.02
           71     -1515.02
           72     -1515.02
           73     -1515.02
           74     -1515.02
           75     -1515.01
           76     -1515.01
           77     -1515.01
           78     -1515.01
           79     -1515.01
           80     -1515.01
           81     -1515.01
           82     -1515.01
           83     -1515.01
           84     -1515.01
           85     -1515.01
           86     -1515.01
           87     -1515.01
           88     -1515.01
           89     -1515.01
           90     -1515.01
           91     -1515.01
           92     -1515.01
           93     -1515.01
           94     -1515.01
           95     -1515.01
           96     -1515.01
           97     -1515.01
           98     -1515.01
           99     -1515.01
          100     -1515.01
