#        Time  min max
            1       102451       102691
            2       102478       102593
            3       102751       102765
            4       102996       103025
            5       103057       103081
            6       103103       103131
            7       103132       103158
            8       103152       103176
            9       103165       103187
           10       103173       103193
           11       103177       103195
           12       103179       103195
           13       103177       103193
           14       103172       103187
           15       103167       103181
           16       103161       103175
           17       103155       103169
           18       103149       103163
           19       103143       103157
           20       103138       103152
           21       103134       103147
           22       103129       103143
           23       103126       103139
           24       103123       103136
           25       103120       103133
           26       103118       103131
           27       103116       103129
           28       103114       103127
           29       103113       103125
           30       103111       103124
           31       103110       103123
           32       103110       103122
           33       103109       103122
           34       103108       103121
           35       103108       103120
           36       103107       103120
           37       103107       103119
           38       103106       103119
           39       103106       103119
           40       103106       103118
           41       103106       103118
           42       103105       103118
           43       103105       103118
           44       103105       103118
           45       103105       103118
           46       103105       103117
           47       103105       103117
           48       103105       103117
           49       103105       103117
           50       103105       103117
           51       103105       103117
           52       103104       103117
           53       103104       103117
           54       103104       103117
           55       103104       103117
           56       103104       103117
           57       103104       103117
           58       103104       103117
           59       103104       103117
           60       103104       103117
           61       103104       103117
           62       103104       103117
           63       103104       103117
           64       103104       103117
           65       103104       103117
           66       103104       103117
           67       103104       103117
           68       103104       103117
           69       103104       103117
           70       103104       103117
           71       103104       103117
           72       103104       103117
           73       103104       103117
           74       103104       103117
           75       103104       103117
           76       103104       103117
           77       103104       103117
           78       103104       103117
           79       103104       103117
           80       103104       103117
           81       103104       103117
           82       103104       103117
           83       103104       103117
           84       103104       103117
           85       103104       103117
           86       103104       103117
           87       103104       103117
           88       103104       103117
           89       103104       103117
           90       103104       103117
           91       103104       103117
           92       103104       103117
           93       103104       103117
           94       103104       103117
           95       103104       103117
           96       103104       103117
           97       103104       103117
           98       103104       103117
           99       103104       103117
          100       103104       103117
