#        Time  min max
            1       31.482      84.6244
            2      31.6994      78.3651
            3      31.2788      74.2295
            4      31.3013      70.9726
            5      31.4026       67.671
            6      31.5698      64.3572
            7       31.645      60.8546
            8      31.7208      57.5091
            9      31.7659       54.368
           10      31.8018      52.0987
           11       31.841      50.8198
           12      31.8706      50.0308
           13      31.6231      49.2893
           14      31.3367      48.6589
           15      31.0988       48.388
           16      30.9015      48.1666
           17       30.738      47.9635
           18       30.601      47.7834
           19      30.4851       47.655
           20      30.3861      47.6243
           21      30.3012       47.621
           22       30.228      47.6094
           23      30.1651       47.593
           24      30.1109      47.5835
           25      29.9067      47.5822
           26      29.6766      47.5781
           27      29.4637      47.5871
           28      29.2684      47.5947
           29      29.0906         47.6
           30      28.9301      47.6038
           31      28.7863      47.6066
           32      28.6583      47.6088
           33       28.545      47.6107
           34      28.4452      47.6125
           35      28.3576      47.6143
           36      28.2811      47.6158
           37      28.2141      47.6175
           38      28.1561      47.6188
           39      28.1054      47.6203
           40      28.0613      47.6217
           41      28.0231       47.623
           42      27.9899      47.6243
           43      27.9611      47.6254
           44      27.9362      47.6265
           45      27.9147      47.6275
           46      27.8961      47.6284
           47      27.8801      47.6292
           48      27.8663        47.63
           49      27.8545      47.6306
           50      27.8443      47.6313
           51      27.8357       47.632
           52      27.8282      47.6326
           53      27.8219      47.6331
           54      27.8165      47.6336
           55      27.8119       47.634
           56       27.808      47.6344
           57      27.8047      47.6348
           58      27.8018      47.6351
           59      27.7994      47.6353
           60      27.7974      47.6356
           61      27.7957      47.6358
           62      27.7943       47.636
           63      27.7931      47.6361
           64       27.792      47.6363
           65      27.7912      47.6364
           66      27.7905      47.6365
           67      27.7899      47.6366
           68      27.7894      47.6367
           69      27.7889      47.6367
           70      27.7886      47.6368
           71      27.7883      47.6369
           72       27.788      47.6369
           73      27.7878      47.6369
           74      27.7877       47.637
           75      27.7875       47.637
           76      27.7874       47.637
           77      27.7873      47.6371
           78      27.7872      47.6371
           79      27.7872      47.6371
           80      27.7871      47.6371
           81      27.7871      47.6371
           82       27.787      47.6371
           83       27.787      47.6372
           84       27.787      47.6372
           85       27.787      47.6372
           86      27.7869      47.6372
           87      27.7869      47.6372
           88      27.7869      47.6372
           89      27.7869      47.6372
           90      27.7869      47.6372
           91      27.7869      47.6372
           92      27.7869      47.6372
           93      27.7869      47.6372
           94      27.7869      47.6372
           95      27.7869      47.6372
           96      27.7869      47.6372
           97      27.7869      47.6372
           98      27.7869      47.6372
           99      27.7869      47.6372
          100      27.7869      47.6372
