#        Time  sum
   1.1999e-05   0.00100158
  2.63965e-05   0.00100457
  3.92103e-05   0.00100981
  5.35751e-05   0.00101714
  7.01081e-05    0.0010248
  8.78138e-05    0.0010304
  0.000101174   0.00103343
  0.000112225   0.00103645
  0.000122565   0.00103925
  0.000133375   0.00104209
  0.000145316   0.00104428
  0.000158643   0.00104715
   0.00017353   0.00105079
  0.000188861   0.00105505
  0.000203685   0.00105862
  0.000218019   0.00106215
   0.00023029    0.0010654
  0.000241527   0.00106861
  0.000252226   0.00107147
  0.000262723   0.00107427
  0.000273308   0.00107716
  0.000284275   0.00107856
  0.000295982   0.00108078
  0.000308818   0.00108338
  0.000323102   0.00108508
  0.000337939   0.00108695
   0.00035246    0.0010877
  0.000366613   0.00108878
  0.000380354   0.00109043
  0.000393668   0.00109273
  0.000406576   0.00109462
    0.0004191   0.00109681
  0.000431279   0.00109929
  0.000443171    0.0011019
  0.000454851   0.00110452
  0.000466397   0.00110752
  0.000477898   0.00111049
  0.000489471   0.00111378
  0.000501246   0.00111759
  0.000513378   0.00112099
  0.000526063   0.00112483
  0.000539533   0.00112919
  0.000553853   0.00113374
  0.000568231   0.00113858
  0.000582642   0.00114279
  0.000596999   0.00114719
  0.000611208   0.00115158
  0.000625195     0.001156
  0.000638918   0.00116049
  0.000652397   0.00116517
  0.000665706   0.00116999
  0.000678946   0.00117479
   0.00069228   0.00117987
   0.00070592   0.00118547
   0.00072015    0.0011912
  0.000735308   0.00119727
  0.000751058    0.0012036
  0.000766516   0.00120996
  0.000781471   0.00121592
  0.000796301   0.00122154
  0.000811279    0.0012267
  0.000826646   0.00123098
  0.000842668   0.00123512
  0.000859142   0.00123895
  0.000875495   0.00124242
  0.000891864   0.00124557
  0.000908377   0.00124858
  0.000925143   0.00125115
   0.00094226   0.00125348
  0.000959818    0.0012561
  0.000977921   0.00125788
  0.000996675   0.00125929
   0.00101624   0.00126026
   0.00103681    0.0012607
   0.00105868   0.00126051
   0.00108156   0.00125949
   0.00110556   0.00125728
   0.00113149    0.0012543
   0.00115806    0.0012499
   0.00118405   0.00124489
   0.00120873   0.00123923
   0.00123233   0.00123357
   0.00125566   0.00122747
   0.00127979   0.00122094
   0.00130582    0.0012138
   0.00133379   0.00120556
    0.0013622   0.00119618
   0.00139007   0.00118632
   0.00141701   0.00117595
   0.00144648   0.00116426
   0.00147667    0.0011525
   0.00150276   0.00114274
   0.00152604   0.00113475
   0.00154793    0.0011282
   0.00156937   0.00112181
   0.00159089   0.00111493
   0.00161269   0.00110818
   0.00163476   0.00110163
   0.00165689   0.00109604
   0.00167886   0.00109189
   0.00170059   0.00108833
    0.0017222   0.00108515
   0.00174382   0.00108201
   0.00176545   0.00107914
   0.00178663    0.0010758
   0.00180641   0.00107235
   0.00182589   0.00106934
   0.00184572   0.00106662
   0.00186648   0.00106416
    0.0018862   0.00106242
   0.00190561   0.00106048
   0.00192524   0.00105855
   0.00194577   0.00105656
   0.00196835   0.00105469
   0.00199354   0.00105256
   0.00202155   0.00105085
   0.00205284   0.00104977
   0.00208805   0.00104893
   0.00212794   0.00104858
   0.00216319   0.00104966
   0.00219734   0.00105192
   0.00222844   0.00105465
   0.00225002   0.00105707
   0.00227064   0.00105922
    0.0022913   0.00106121
   0.00231256   0.00106374
   0.00233382   0.00106678
   0.00235371   0.00107014
   0.00237278   0.00107313
   0.00239123   0.00107631
   0.00240929   0.00107994
   0.00242717   0.00108375
   0.00244348   0.00108763
   0.00245876   0.00109098
   0.00247337   0.00109451
   0.00248758   0.00109777
   0.00250163   0.00110102
   0.00251573   0.00110419
   0.00253006   0.00110728
   0.00254487   0.00111056
    0.0025604   0.00111403
    0.0025765   0.00111753
   0.00259259   0.00112089
   0.00260885   0.00112444
   0.00262537   0.00112729
    0.0026422   0.00113002
   0.00265938    0.0011327
   0.00267687   0.00113571
   0.00269461   0.00113836
   0.00271253   0.00114123
   0.00273052   0.00114454
   0.00274855   0.00114757
   0.00276667   0.00115069
   0.00278494   0.00115382
   0.00280358   0.00115676
   0.00282279   0.00116004
   0.00284281   0.00116303
   0.00286392   0.00116564
   0.00288642    0.0011683
   0.00291072   0.00117091
   0.00293606   0.00117317
   0.00296227   0.00117495
   0.00298992    0.0011762
   0.00301838   0.00117685
   0.00304798    0.0011769
   0.00307924    0.0011764
   0.00311287    0.0011752
    0.0031502   0.00117352
   0.00319166   0.00117035
   0.00323174   0.00116613
    0.0032668   0.00116161
   0.00329946    0.0011569
   0.00332722   0.00115234
    0.0033533   0.00114784
   0.00337867   0.00114371
   0.00340378   0.00113994
   0.00342878   0.00113587
   0.00345372    0.0011319
   0.00347859   0.00112747
   0.00350329   0.00112341
   0.00352768   0.00111941
   0.00355174   0.00111545
   0.00357596   0.00111095
   0.00360035   0.00110632
   0.00362481   0.00110212
   0.00364917    0.0010983
   0.00367335   0.00109512
   0.00369743   0.00109247
   0.00372171    0.0010898
   0.00374674   0.00108803
   0.00376848   0.00108569
   0.00378783   0.00108367
   0.00380586   0.00108179
   0.00382316    0.0010802
   0.00384008   0.00107877
   0.00385688   0.00107711
   0.00387369   0.00107554
   0.00389073   0.00107419
   0.00390819   0.00107271
   0.00392627   0.00107142
   0.00394521   0.00107024
    0.0039653   0.00106917
   0.00398688   0.00106823
   0.00401028   0.00106748
   0.00403575     0.001067
   0.00406236   0.00106689
   0.00408989   0.00106728
   0.00411828   0.00106807
   0.00414719   0.00106913
   0.00417501   0.00107035
   0.00420092   0.00107157
   0.00422511   0.00107294
    0.0042479   0.00107439
   0.00426958   0.00107584
   0.00429039   0.00107749
   0.00431051   0.00107919
   0.00433013   0.00108111
   0.00434941   0.00108267
   0.00436849   0.00108464
   0.00438754   0.00108666
   0.00440665   0.00108866
   0.00442595   0.00109094
   0.00444558   0.00109326
   0.00446568    0.0010957
   0.00448631   0.00109849
   0.00450665   0.00110131
    0.0045268   0.00110412
   0.00454685   0.00110682
   0.00456689   0.00110943
   0.00458698   0.00111181
    0.0046072   0.00111391
   0.00462764   0.00111597
   0.00464833   0.00111776
   0.00466928   0.00111974
   0.00469042   0.00112173
   0.00471166   0.00112366
   0.00473289   0.00112559
   0.00475407   0.00112743
   0.00477518   0.00112928
   0.00479635   0.00113086
   0.00481743   0.00113232
   0.00483833    0.0011337
   0.00485927   0.00113494
   0.00488032   0.00113604
   0.00490155   0.00113697
   0.00492298   0.00113773
   0.00494463   0.00113815
   0.00496648   0.00113854
   0.00498852   0.00113876
   0.00501076   0.00113879
   0.00503327   0.00113865
   0.00505618   0.00113832
   0.00507962   0.00113779
   0.00510389    0.0011372
   0.00512924   0.00113617
   0.00515587   0.00113486
   0.00518381   0.00113324
   0.00521291   0.00113125
   0.00524291   0.00112909
   0.00527363   0.00112683
   0.00530511    0.0011245
   0.00533754   0.00112163
   0.00537115   0.00111898
   0.00540623   0.00111622
    0.0054422   0.00111323
   0.00547717   0.00111057
   0.00551204   0.00110771
   0.00554732   0.00110502
   0.00558288   0.00110262
   0.00561752   0.00109979
   0.00565174   0.00109711
   0.00568666   0.00109463
   0.00572406   0.00109237
   0.00576017   0.00109019
   0.00579418   0.00108844
   0.00582656   0.00108675
   0.00585754   0.00108546
   0.00588721   0.00108442
   0.00591565   0.00108368
   0.00594306   0.00108324
   0.00596976    0.0010831
     0.005996   0.00108321
   0.00602201   0.00108356
   0.00604782    0.0010841
   0.00607355   0.00108481
   0.00609921   0.00108573
   0.00612482   0.00108685
   0.00615042   0.00108817
   0.00617608   0.00108958
   0.00620209   0.00109117
   0.00622883   0.00109282
   0.00625676    0.0010945
   0.00628622   0.00109571
   0.00631501   0.00109721
   0.00634345    0.0010987
   0.00637212   0.00110024
   0.00639897    0.0011017
   0.00642215    0.0011032
    0.0064431   0.00110457
   0.00646259   0.00110586
   0.00648109   0.00110696
   0.00649892   0.00110811
   0.00651632   0.00110921
   0.00653344   0.00111028
    0.0065504   0.00111143
   0.00656724   0.00111239
   0.00658404    0.0011133
   0.00660084   0.00111416
   0.00661766   0.00111498
    0.0066345   0.00111576
   0.00665125   0.00111652
   0.00666797   0.00111724
   0.00668467   0.00111793
   0.00670138   0.00111859
   0.00671814   0.00111921
   0.00673495   0.00111961
   0.00675185   0.00111995
   0.00676887   0.00112055
   0.00678605   0.00112101
   0.00680342   0.00112142
   0.00682101   0.00112177
   0.00683884   0.00112206
   0.00685691   0.00112227
   0.00687522   0.00112243
   0.00689378   0.00112252
   0.00691258   0.00112276
   0.00693165   0.00112272
   0.00695101    0.0011226
    0.0069707   0.00112243
   0.00699075   0.00112218
   0.00701125   0.00112184
   0.00703224   0.00112141
   0.00705374   0.00112088
   0.00707575   0.00112024
    0.0070978    0.0011195
   0.00711977    0.0011187
   0.00714154   0.00111785
   0.00716301   0.00111695
   0.00718411   0.00111602
   0.00720484   0.00111503
   0.00722521   0.00111402
   0.00724528   0.00111344
   0.00726509   0.00111234
   0.00728472   0.00111123
   0.00730423   0.00111027
   0.00732368   0.00110934
    0.0073431   0.00110816
   0.00736256     0.001107
   0.00738209    0.0011058
   0.00740174   0.00110467
   0.00742151   0.00110358
    0.0074414   0.00110252
   0.00746146   0.00110148
   0.00748169   0.00110047
   0.00750208   0.00109951
   0.00752262   0.00109859
   0.00754329   0.00109786
   0.00756405   0.00109712
   0.00758488   0.00109625
   0.00760575   0.00109541
   0.00762661   0.00109474
   0.00764743   0.00109412
   0.00766818   0.00109356
   0.00768884   0.00109305
    0.0077094   0.00109252
   0.00772985   0.00109211
   0.00775021   0.00109176
   0.00777048   0.00109146
   0.00779072    0.0010912
   0.00781098   0.00109099
   0.00783129   0.00109083
   0.00785168   0.00109072
   0.00787219   0.00109066
   0.00789285   0.00109067
   0.00791369   0.00109073
   0.00793473   0.00109086
   0.00795602   0.00109105
   0.00797756   0.00109129
   0.00799882   0.00109158
   0.00801997   0.00109208
   0.00804112   0.00109247
   0.00806239    0.0010928
   0.00808385   0.00109317
   0.00810556   0.00109355
   0.00812747   0.00109396
   0.00814967    0.0010944
   0.00817223   0.00109482
   0.00819523   0.00109528
   0.00821871   0.00109581
   0.00824276   0.00109641
   0.00826746   0.00109708
   0.00829283   0.00109764
   0.00831872   0.00109837
    0.0083441   0.00109908
   0.00836894   0.00109978
   0.00839329   0.00110046
   0.00841718   0.00110113
   0.00844034   0.00110175
   0.00846292   0.00110238
   0.00848514     0.001103
   0.00850711    0.0011036
   0.00852899   0.00110411
   0.00855086   0.00110469
   0.00857281   0.00110505
   0.00859496   0.00110558
   0.00861739    0.0011061
   0.00864016   0.00110659
     0.008663   0.00110704
   0.00868594   0.00110744
   0.00870902   0.00110779
   0.00873225   0.00110809
   0.00875565   0.00110835
   0.00877923   0.00110857
   0.00880302   0.00110869
   0.00882702   0.00110882
   0.00885127    0.0011089
   0.00887575   0.00110891
   0.00890044   0.00110884
   0.00892525   0.00110867
   0.00895013   0.00110849
     0.008975   0.00110827
   0.00899978   0.00110777
   0.00902447    0.0011075
   0.00904908   0.00110719
   0.00907369   0.00110695
   0.00909839    0.0011064
    0.0091233   0.00110592
   0.00914851   0.00110539
   0.00917409   0.00110481
   0.00920007   0.00110395
    0.0092264    0.0011031
   0.00925271   0.00110242
   0.00927858   0.00110175
   0.00930406   0.00110111
   0.00932919   0.00110048
   0.00935398   0.00109989
    0.0093785   0.00109925
   0.00940275   0.00109868
   0.00942674   0.00109813
    0.0094505   0.00109761
   0.00947402   0.00109711
   0.00949731   0.00109665
   0.00952042   0.00109623
   0.00954335   0.00109584
   0.00956614   0.00109549
   0.00958881   0.00109517
   0.00961136   0.00109488
    0.0096338   0.00109466
   0.00965612   0.00109444
   0.00967835   0.00109427
   0.00970053   0.00109412
   0.00972271   0.00109403
   0.00974496   0.00109401
   0.00976736   0.00109404
   0.00978998   0.00109414
   0.00981284   0.00109423
   0.00983599   0.00109445
   0.00985946   0.00109473
   0.00988337   0.00109512
   0.00990782    0.0010955
   0.00993294   0.00109591
   0.00995885   0.00109634
   0.00998562   0.00109682
    0.0100132   0.00109728
    0.0100414   0.00109774
    0.0100701   0.00109825
    0.0100991    0.0010988
    0.0101284   0.00109943
     0.010158   0.00110013
    0.0101879   0.00110087
    0.0102182   0.00110166
    0.0102489   0.00110246
    0.0102804   0.00110344
    0.0103126   0.00110425
    0.0103458   0.00110504
    0.0103801   0.00110579
    0.0104152   0.00110649
      0.01045     0.001107
    0.0104847   0.00110751
    0.0105192   0.00110795
    0.0105537   0.00110831
    0.0105885   0.00110838
    0.0106241   0.00110844
    0.0106607    0.0011085
    0.0106988   0.00110853
    0.0107379   0.00110851
    0.0107777   0.00110841
    0.0108169   0.00110814
    0.0108554     0.001108
    0.0108937   0.00110782
     0.010931    0.0011075
    0.0109667   0.00110712
    0.0110008   0.00110673
    0.0110337   0.00110655
    0.0110655   0.00110612
    0.0110963    0.0011057
    0.0111263    0.0011053
    0.0111557   0.00110491
    0.0111844   0.00110453
    0.0112125   0.00110416
    0.0112402    0.0011037
    0.0112675    0.0011035
    0.0112944   0.00110318
    0.0113212   0.00110289
    0.0113477   0.00110261
    0.0113743   0.00110262
    0.0114009   0.00110235
    0.0114276   0.00110211
    0.0114546   0.00110175
    0.0114822    0.0011017
    0.0115103   0.00110151
    0.0115387   0.00110155
    0.0115669   0.00110133
    0.0115951    0.0011012
    0.0116235   0.00110109
    0.0116519     0.001101
    0.0116806   0.00110095
    0.0117095   0.00110092
    0.0117378   0.00110091
    0.0117649   0.00110093
     0.011791   0.00110091
    0.0118162   0.00110095
    0.0118405   0.00110111
    0.0118637   0.00110117
    0.0118859   0.00110127
    0.0119073   0.00110134
    0.0119282   0.00110158
    0.0119486   0.00110164
    0.0119687   0.00110169
    0.0119885   0.00110175
    0.0120081    0.0011018
    0.0120275   0.00110185
    0.0120469    0.0011019
    0.0120661   0.00110194
    0.0120853   0.00110198
    0.0121044   0.00110195
    0.0121234   0.00110201
    0.0121424   0.00110206
    0.0121612   0.00110211
    0.0121799   0.00110216
    0.0121986   0.00110219
     0.012217   0.00110223
    0.0122354   0.00110226
    0.0122537   0.00110228
    0.0122718    0.0011023
    0.0122899   0.00110232
    0.0123078   0.00110235
    0.0123257   0.00110219
    0.0123435   0.00110221
    0.0123613   0.00110201
    0.0123791   0.00110201
    0.0123969   0.00110201
    0.0124147   0.00110201
    0.0124326   0.00110199
    0.0124505   0.00110197
    0.0124685   0.00110195
    0.0124867   0.00110193
    0.0125049   0.00110191
    0.0125233   0.00110189
    0.0125417   0.00110184
    0.0125604   0.00110182
    0.0125791   0.00110179
     0.012598   0.00110176
     0.012617   0.00110174
    0.0126361   0.00110161
    0.0126554   0.00110153
    0.0126748   0.00110149
    0.0126943   0.00110144
     0.012714    0.0011013
    0.0127339   0.00110124
    0.0127539   0.00110118
    0.0127742   0.00110112
    0.0127946   0.00110106
    0.0128153     0.001101
    0.0128363   0.00110093
    0.0128575   0.00110063
    0.0128788   0.00110054
    0.0129003   0.00110044
     0.012922   0.00110031
    0.0129437   0.00110021
    0.0129656   0.00109997
    0.0129875   0.00109986
    0.0130096   0.00109987
    0.0130318   0.00109977
     0.013054   0.00109943
    0.0130764   0.00109926
    0.0130989   0.00109896
    0.0131215   0.00109858
    0.0131443   0.00109845
    0.0131672   0.00109833
    0.0131902   0.00109822
    0.0132134   0.00109811
    0.0132367   0.00109801
    0.0132601   0.00109792
    0.0132838   0.00109784
    0.0133076   0.00109779
    0.0133316   0.00109773
    0.0133558   0.00109769
    0.0133803   0.00109765
     0.013405   0.00109764
    0.0134299   0.00109765
    0.0134551   0.00109767
    0.0134806   0.00109772
    0.0135064   0.00109778
    0.0135326    0.0010978
    0.0135593   0.00109791
    0.0135864   0.00109804
     0.013614    0.0010982
    0.0136421   0.00109842
    0.0136708   0.00109859
       0.0137   0.00109878
    0.0137298   0.00109899
    0.0137602   0.00109923
    0.0137913   0.00109945
     0.013823   0.00109969
    0.0138554   0.00109998
    0.0138887    0.0011003
    0.0139227   0.00110064
    0.0139576   0.00110119
    0.0139931   0.00110157
    0.0140293   0.00110196
    0.0140662   0.00110225
    0.0141041   0.00110265
    0.0141412   0.00110302
    0.0141773   0.00110335
    0.0142125   0.00110365
    0.0142471   0.00110391
    0.0142813   0.00110413
    0.0143153   0.00110431
    0.0143493   0.00110457
    0.0143833   0.00110456
    0.0144172   0.00110447
    0.0144513   0.00110442
    0.0144856   0.00110438
    0.0145203    0.0011043
    0.0145553    0.0011042
    0.0145903   0.00110414
    0.0146252   0.00110439
    0.0146594   0.00110433
    0.0146916   0.00110427
    0.0147223   0.00110419
    0.0147515   0.00110399
    0.0147796   0.00110389
    0.0148068   0.00110392
    0.0148331   0.00110381
    0.0148589    0.0011037
     0.014884   0.00110359
    0.0149088   0.00110373
    0.0149332   0.00110346
    0.0149573   0.00110331
    0.0149813    0.0011031
    0.0150051    0.0011031
    0.0150287   0.00110294
    0.0150522   0.00110297
    0.0150756   0.00110278
    0.0150989    0.0011026
    0.0151221   0.00110242
    0.0151451   0.00110225
    0.0151681   0.00110208
    0.0151908   0.00110193
    0.0152134    0.0011018
    0.0152357   0.00110168
    0.0152578   0.00110154
    0.0152797   0.00110159
    0.0153012   0.00110146
    0.0153225   0.00110134
    0.0153436   0.00110122
    0.0153643    0.0011011
    0.0153848   0.00110099
     0.015405   0.00110089
    0.0154249   0.00110078
    0.0154447   0.00110065
    0.0154641   0.00110055
    0.0154834   0.00110044
    0.0155025   0.00110036
    0.0155214   0.00110029
    0.0155402   0.00110023
    0.0155588   0.00110017
    0.0155773   0.00109992
    0.0155957   0.00109986
     0.015614   0.00109981
    0.0156322   0.00109976
    0.0156504   0.00109972
    0.0156685   0.00109969
    0.0156866   0.00109949
    0.0157047   0.00109947
    0.0157228   0.00109945
    0.0157408   0.00109945
    0.0157589   0.00109943
     0.015777   0.00109943
    0.0157952   0.00109945
    0.0158134   0.00109937
    0.0158317   0.00109939
      0.01585   0.00109943
    0.0158685   0.00109947
    0.0158871   0.00109952
    0.0159058   0.00109958
    0.0159247   0.00109961
    0.0159438   0.00109959
     0.015963   0.00109967
    0.0159823   0.00109976
    0.0160018   0.00109985
    0.0160215   0.00109996
    0.0160413   0.00109983
    0.0160612   0.00109994
    0.0160812   0.00110004
    0.0161013   0.00110011
    0.0161215   0.00110022
     0.016142   0.00110033
    0.0161626   0.00110031
    0.0161834   0.00110054
    0.0162045    0.0011004
    0.0162258   0.00110042
    0.0162473   0.00110051
    0.0162691   0.00110035
    0.0162912   0.00110023
    0.0163135   0.00110027
    0.0163359    0.0011003
    0.0163586   0.00110033
    0.0163814   0.00110036
    0.0164044   0.00110039
    0.0164275   0.00110041
    0.0164509   0.00110043
    0.0164744   0.00110045
    0.0164982   0.00110047
    0.0165223   0.00110043
    0.0165466   0.00110045
    0.0165712   0.00110047
    0.0165961   0.00110048
    0.0166214    0.0011005
    0.0166471   0.00110058
    0.0166731   0.00110059
    0.0166996    0.0011006
    0.0167265   0.00110062
    0.0167538   0.00110062
    0.0167817   0.00110063
    0.0168102   0.00110067
    0.0168393   0.00110071
     0.016869   0.00110077
    0.0168995   0.00110085
    0.0169309   0.00110094
    0.0169631   0.00110122
    0.0169964   0.00110134
    0.0170309   0.00110147
    0.0170666   0.00110151
    0.0171035   0.00110169
    0.0171418   0.00110187
    0.0171805   0.00110206
    0.0172173   0.00110225
    0.0172527   0.00110243
    0.0172869   0.00110268
    0.0173201   0.00110281
    0.0173528   0.00110292
    0.0173849   0.00110304
    0.0174168   0.00110292
    0.0174485   0.00110304
    0.0174803   0.00110293
    0.0175124    0.0011029
    0.0175449   0.00110265
    0.0175778   0.00110299
    0.0176109   0.00110304
     0.017644   0.00110299
    0.0176769   0.00110317
    0.0177087   0.00110321
    0.0177386   0.00110323
    0.0177669   0.00110325
    0.0177938    0.0011035
    0.0178194   0.00110334
     0.017844    0.0011033
    0.0178678   0.00110321
    0.0178909   0.00110331
    0.0179134   0.00110346
    0.0179354   0.00110338
     0.017957   0.00110329
    0.0179783   0.00110319
    0.0179993   0.00110308
      0.01802   0.00110297
    0.0180405   0.00110285
    0.0180608   0.00110281
    0.0180809   0.00110282
    0.0181008   0.00110266
    0.0181206    0.0011025
    0.0181402   0.00110234
    0.0181597   0.00110218
     0.018179   0.00110202
    0.0181982   0.00110186
    0.0182172    0.0011017
    0.0182361   0.00110152
    0.0182547   0.00110134
    0.0182733   0.00110123
    0.0182917   0.00110112
    0.0183099   0.00110101
     0.018328   0.00110091
    0.0183459    0.0011008
    0.0183638   0.00110071
    0.0183816   0.00110062
    0.0183992   0.00110034
    0.0184168   0.00110025
    0.0184344   0.00110016
    0.0184519   0.00110009
    0.0184693   0.00109985
    0.0184868   0.00109978
    0.0185043   0.00109972
    0.0185217   0.00109966
    0.0185392   0.00109962
    0.0185568   0.00109958
    0.0185744   0.00109955
    0.0185921   0.00109944
    0.0186098   0.00109943
    0.0186278   0.00109943
    0.0186458   0.00109944
     0.018664   0.00109945
    0.0186824   0.00109943
    0.0187009   0.00109937
    0.0187197    0.0010994
    0.0187386   0.00109945
    0.0187577    0.0010995
    0.0187769   0.00109934
    0.0187964   0.00109939
     0.018816   0.00109945
    0.0188357   0.00109951
    0.0188554   0.00109955
    0.0188753    0.0010995
    0.0188954   0.00109958
    0.0189156   0.00109978
     0.018936   0.00109987
    0.0189566   0.00109966
    0.0189774   0.00109952
    0.0189985   0.00109941
    0.0190198   0.00109947
    0.0190414   0.00109953
    0.0190632   0.00109958
    0.0190852   0.00109963
    0.0191075   0.00109969
      0.01913   0.00109975
    0.0191527    0.0010998
    0.0191756   0.00109986
    0.0191988   0.00109992
    0.0192222   0.00109992
    0.0192458   0.00109999
    0.0192696   0.00110006
    0.0192938   0.00110013
    0.0193183    0.0011002
    0.0193432   0.00110034
    0.0193685    0.0011004
    0.0193942   0.00110047
    0.0194203   0.00110051
     0.019447   0.00110057
    0.0194743   0.00110062
    0.0195022   0.00110075
    0.0195308   0.00110087
    0.0195601   0.00110101
    0.0195903   0.00110117
    0.0196215   0.00110151
    0.0196537   0.00110169
    0.0196872   0.00110189
    0.0197219   0.00110199
     0.019758   0.00110222
    0.0197956   0.00110244
    0.0198347   0.00110267
    0.0198718   0.00110289
    0.0199074   0.00110315
    0.0199419   0.00110327
    0.0199757   0.00110339
    0.0200089   0.00110324
    0.0200419   0.00110313
    0.0200749   0.00110318
    0.0201081   0.00110311
    0.0201416   0.00110281
    0.0201754    0.0011031
    0.0202093   0.00110311
     0.020243     0.001103
    0.0202755   0.00110312
     0.020306    0.0011031
    0.0203347   0.00110307
     0.020362   0.00110328
    0.0203879   0.00110307
    0.0204126   0.00110293
    0.0204365   0.00110301
    0.0204595   0.00110291
     0.020482   0.00110301
    0.0205038    0.0011029
    0.0205252   0.00110278
    0.0205463   0.00110266
    0.0205669   0.00110253
    0.0205873    0.0011024
    0.0206075   0.00110235
    0.0206275   0.00110217
    0.0206472   0.00110217
    0.0206668     0.001102
    0.0206863   0.00110183
    0.0207055   0.00110165
    0.0207246   0.00110148
    0.0207436    0.0011013
    0.0207624    0.0011011
     0.020781   0.00110094
    0.0207995   0.00110075
    0.0208178   0.00110063
     0.020836   0.00110051
     0.020854    0.0011004
    0.0208719   0.00110029
    0.0208897    0.0011002
    0.0209073   0.00109993
    0.0209248   0.00109984
    0.0209423   0.00109977
    0.0209596   0.00109971
    0.0209769   0.00109949
    0.0209941   0.00109944
    0.0210113    0.0010994
    0.0210285   0.00109937
    0.0210457   0.00109935
    0.0210629   0.00109935
    0.0210802   0.00109926
    0.0210976   0.00109928
    0.0211151    0.0010993
    0.0211328   0.00109934
    0.0211507   0.00109938
    0.0211687    0.0010994
     0.021187   0.00109937
    0.0212055   0.00109943
    0.0212242   0.00109951
    0.0212431    0.0010996
    0.0212622   0.00109948
    0.0212815   0.00109958
    0.0213009   0.00109968
    0.0213204   0.00109976
      0.02134   0.00109988
    0.0213598   0.00109987
    0.0213796   0.00110011
    0.0213997   0.00110022
    0.0214199   0.00110003
    0.0214404   0.00109992
    0.0214611   0.00110002
    0.0214821   0.00109993
    0.0215032   0.00110001
    0.0215246   0.00110008
    0.0215462   0.00110016
    0.0215679   0.00110023
    0.0215899    0.0011003
     0.021612   0.00110037
    0.0216344   0.00110044
    0.0216569   0.00110046
    0.0216797   0.00110054
    0.0217028   0.00110061
    0.0217261   0.00110068
    0.0217498   0.00110083
    0.0217739   0.00110089
    0.0217983   0.00110094
    0.0218233   0.00110099
    0.0218487   0.00110102
    0.0218746   0.00110106
    0.0219011    0.0011011
    0.0219282   0.00110121
    0.0219556   0.00110131
    0.0219834   0.00110142
    0.0220119   0.00110155
     0.022041   0.00110185
    0.0220711   0.00110198
    0.0221021   0.00110201
    0.0221344   0.00110217
     0.022168   0.00110233
     0.022203   0.00110251
    0.0222396   0.00110269
    0.0222763   0.00110295
    0.0223113   0.00110306
    0.0223452   0.00110316
    0.0223782   0.00110325
    0.0224108   0.00110306
    0.0224432   0.00110305
    0.0224755   0.00110292
    0.0225083   0.00110256
    0.0225415   0.00110281
    0.0225751   0.00110278
    0.0226089   0.00110278
    0.0226426   0.00110274
    0.0226757    0.0011027
    0.0227066    0.0011029
    0.0227354   0.00110267
    0.0227626   0.00110256
    0.0227884   0.00110255
     0.022813   0.00110264
    0.0228366   0.00110251
    0.0228594   0.00110239
    0.0228814   0.00110228
    0.0229028   0.00110216
    0.0229238   0.00110205
    0.0229443   0.00110201
    0.0229644   0.00110184
    0.0229843   0.00110187
    0.0230039   0.00110172
    0.0230232   0.00110156
    0.0230423   0.00110139
    0.0230613   0.00110122
      0.02308   0.00110106
    0.0230986   0.00110086
    0.0231171    0.0011007
    0.0231353   0.00110052
    0.0231534   0.00110039
    0.0231714   0.00110027
    0.0231892   0.00110016
    0.0232069   0.00110006
    0.0232244   0.00109977
    0.0232418   0.00109968
    0.0232591   0.00109961
    0.0232763   0.00109954
    0.0232934   0.00109933
    0.0233104   0.00109929
    0.0233274   0.00109926
    0.0233443   0.00109924
    0.0233613   0.00109924
    0.0233783   0.00109926
    0.0233954   0.00109919
    0.0234126   0.00109923
    0.0234299   0.00109928
    0.0234474   0.00109934
    0.0234651   0.00109937
     0.023483   0.00109945
    0.0235011   0.00109944
    0.0235195   0.00109953
    0.0235381   0.00109964
    0.0235569   0.00109954
    0.0235759   0.00109965
    0.0235952   0.00109978
    0.0236145   0.00109988
    0.0236339   0.00110002
    0.0236534   0.00110005
    0.0236732   0.00110031
    0.0236931   0.00110022
    0.0237132   0.00110028
    0.0237336   0.00110019
    0.0237542   0.00110029
     0.023775   0.00110021
    0.0237961   0.00110029
    0.0238173   0.00110037
    0.0238388   0.00110044
    0.0238604   0.00110051
    0.0238822   0.00110058
    0.0239041   0.00110058
    0.0239262   0.00110066
    0.0239485   0.00110074
     0.023971   0.00110081
    0.0239937   0.00110088
    0.0240168   0.00110103
    0.0240401   0.00110108
    0.0240639   0.00110113
     0.024088   0.00110117
    0.0241126    0.0011012
    0.0241377   0.00110123
    0.0241633   0.00110132
    0.0241895    0.0011014
     0.024216   0.00110149
    0.0242427    0.0011016
    0.0242697   0.00110173
    0.0242972     0.001102
    0.0243253   0.00110212
    0.0243539   0.00110212
    0.0243834   0.00110227
    0.0244137    0.0011024
     0.024445   0.00110254
    0.0244774   0.00110268
     0.024511   0.00110291
     0.024546     0.001103
    0.0245804   0.00110308
    0.0246138   0.00110315
    0.0246467   0.00110314
    0.0246793   0.00110288
     0.024712   0.00110273
     0.024745   0.00110235
    0.0247787   0.00110258
    0.0248128   0.00110243
    0.0248471    0.0011025
     0.024881   0.00110244
    0.0249132   0.00110263
    0.0249436   0.00110237
    0.0249721   0.00110218
    0.0249991   0.00110219
    0.0250246   0.00110224
    0.0250491   0.00110209
    0.0250726   0.00110195
    0.0250953   0.00110183
    0.0251172    0.0011017
    0.0251386   0.00110167
    0.0251594   0.00110151
    0.0251798   0.00110137
    0.0251997   0.00110139
    0.0252194   0.00110124
    0.0252387   0.00110108
    0.0252578   0.00110092
    0.0252766   0.00110076
    0.0252952   0.00110057
    0.0253136   0.00110042
    0.0253319   0.00110025
    0.0253499   0.00110012
    0.0253678       0.0011
    0.0253856   0.00109989
    0.0254032    0.0010996
    0.0254206   0.00109951
    0.0254379   0.00109943
    0.0254551   0.00109936
    0.0254722   0.00109915
    0.0254891   0.00109911
    0.0255061   0.00109909
     0.025523   0.00109908
    0.0255399   0.00109909
    0.0255568   0.00109903
    0.0255738   0.00109908
    0.0255908   0.00109913
    0.0256081   0.00109921
    0.0256254   0.00109929
     0.025643   0.00109934
    0.0256608   0.00109935
    0.0256788   0.00109946
    0.0256971   0.00109958
    0.0257156   0.00109972
    0.0257344   0.00109964
    0.0257534   0.00109978
    0.0257726   0.00109993
    0.0257918   0.00110006
    0.0258112   0.00110011
    0.0258307    0.0011004
    0.0258504   0.00110034
    0.0258703   0.00110042
    0.0258905   0.00110037
    0.0259109    0.0011005
    0.0259315   0.00110045
    0.0259524   0.00110055
    0.0259736   0.00110065
    0.0259949    0.0011007
    0.0260165   0.00110081
    0.0260382   0.00110089
    0.0260601   0.00110091
    0.0260821   0.00110099
    0.0261044   0.00110106
    0.0261268   0.00110113
    0.0261494   0.00110129
    0.0261723   0.00110134
    0.0261955   0.00110139
     0.026219   0.00110142
    0.0262429   0.00110148
    0.0262673    0.0011015
    0.0262922   0.00110156
    0.0263176   0.00110167
    0.0263436   0.00110175
    0.0263696   0.00110186
    0.0263956   0.00110197
    0.0264218   0.00110224
    0.0264484   0.00110234
    0.0264754   0.00110233
    0.0265028   0.00110246
    0.0265309   0.00110257
    0.0265598   0.00110268
    0.0265894   0.00110279
    0.0266201    0.0011029
    0.0266519   0.00110308
    0.0266849   0.00110312
    0.0267192   0.00110316
    0.0267527   0.00110291
    0.0267857   0.00110283
    0.0268185   0.00110265
    0.0268516   0.00110225
    0.0268852   0.00110245
    0.0269192   0.00110226
    0.0269534   0.00110231
    0.0269865   0.00110223
    0.0270179   0.00110239
    0.0270476   0.00110211
    0.0270755   0.00110205
     0.027102   0.00110209
    0.0271273   0.00110191
    0.0271514   0.00110175
    0.0271747    0.0011016
    0.0271972   0.00110146
     0.027219   0.00110133
    0.0272403   0.00110123
    0.0272611   0.00110111
    0.0272814   0.00110114
    0.0273013   0.00110098
    0.0273209   0.00110083
    0.0273403   0.00110067
    0.0273593   0.00110051
    0.0273781   0.00110032
    0.0273967   0.00110017
    0.0274151   0.00109999
    0.0274333   0.00109987
    0.0274513   0.00109976
    0.0274691   0.00109947
    0.0274868   0.00109937
    0.0275043   0.00109928
    0.0275216    0.0010992
    0.0275388   0.00109914
    0.0275559   0.00109894
    0.0275729   0.00109891
    0.0275898    0.0010989
    0.0276067   0.00109892
    0.0276236   0.00109895
    0.0276405   0.00109891
    0.0276575   0.00109898
    0.0276746   0.00109907
    0.0276918   0.00109916
    0.0277092   0.00109923
    0.0277267   0.00109926
    0.0277445   0.00109938
    0.0277626   0.00109952
    0.0277809   0.00109967
    0.0277995   0.00109962
    0.0278183   0.00109978
    0.0278373   0.00109995
    0.0278565    0.0011001
    0.0278757   0.00110018
    0.0278952   0.00110027
    0.0279148   0.00110038
    0.0279347   0.00110056
    0.0279548   0.00110052
    0.0279751   0.00110067
    0.0279956   0.00110064
    0.0280165   0.00110076
    0.0280376   0.00110088
    0.0280589   0.00110095
    0.0280804   0.00110108
    0.0281021   0.00110112
     0.028124   0.00110121
    0.0281461    0.0011013
    0.0281683   0.00110138
    0.0281907   0.00110154
    0.0282134   0.00110161
    0.0282363   0.00110165
    0.0282595    0.0011017
    0.0282831   0.00110176
    0.0283071   0.00110179
    0.0283316   0.00110185
    0.0283565   0.00110196
    0.0283816   0.00110205
    0.0284065   0.00110215
    0.0284315   0.00110226
    0.0284565   0.00110253
    0.0284818   0.00110262
    0.0285073   0.00110259
    0.0285333    0.0011027
    0.0285597   0.00110279
    0.0285868   0.00110287
    0.0286145   0.00110296
     0.028643   0.00110305
    0.0286725   0.00110321
     0.028703   0.00110323
    0.0287346   0.00110325
    0.0287674   0.00110298
    0.0288015   0.00110288
    0.0288351   0.00110266
    0.0288688   0.00110222
    0.0289029    0.0011024
    0.0289372   0.00110218
    0.0289712    0.0011022
    0.0290036    0.0011021
    0.0290342   0.00110224
    0.0290632   0.00110194
    0.0290907   0.00110186
    0.0291168   0.00110188
    0.0291417   0.00110168
    0.0291656    0.0011015
    0.0291886   0.00110134
    0.0292109   0.00110119
    0.0292325   0.00110105
    0.0292536   0.00110096
    0.0292742   0.00110081
    0.0292943   0.00110083
    0.0293141   0.00110067
    0.0293336    0.0011005
    0.0293528   0.00110034
    0.0293717   0.00110018
    0.0293904       0.0011
    0.0294089   0.00109985
    0.0294271   0.00109968
    0.0294452   0.00109957
    0.0294631   0.00109947
    0.0294808   0.00109918
    0.0294983    0.0010991
    0.0295157   0.00109902
    0.0295329   0.00109897
      0.02955   0.00109877
     0.029567   0.00109875
    0.0295839   0.00109874
    0.0296008   0.00109876
    0.0296177    0.0010987
    0.0296345   0.00109876
    0.0296514   0.00109884
    0.0296684   0.00109894
    0.0296855   0.00109905
    0.0297028   0.00109914
    0.0297203   0.00109918
    0.0297379   0.00109933
    0.0297558   0.00109949
     0.029774   0.00109945
    0.0297924   0.00109962
     0.029811   0.00109981
    0.0298299   0.00109997
    0.0298489   0.00110018
    0.0298681   0.00110027
    0.0298874   0.00110038
    0.0299069    0.0011005
    0.0299267   0.00110071
    0.0299467   0.00110069
    0.0299669   0.00110069
    0.0299874   0.00110084
    0.0300081   0.00110099
     0.030029   0.00110109
    0.0300502   0.00110124
    0.0300717   0.00110131
    0.0300933   0.00110143
    0.0301151   0.00110154
    0.0301371   0.00110164
    0.0301593   0.00110182
    0.0301817    0.0011019
    0.0302043   0.00110196
    0.0302273   0.00110201
    0.0302505   0.00110208
    0.0302742   0.00110212
    0.0302982   0.00110219
    0.0303228    0.0011023
    0.0303474   0.00110239
    0.0303718    0.0011025
    0.0303962   0.00110261
    0.0304206   0.00110272
    0.0304451   0.00110297
    0.0304699   0.00110305
    0.0304951   0.00110302
    0.0305206    0.0011031
    0.0305466   0.00110318
    0.0305731   0.00110325
    0.0306003   0.00110332
    0.0306283   0.00110337
    0.0306572   0.00110347
    0.0306871   0.00110347
    0.0307181   0.00110323
    0.0307504   0.00110317
    0.0307841   0.00110285
    0.0308181   0.00110236
    0.0308522    0.0011025
    0.0308865   0.00110224
    0.0309206   0.00110223
    0.0309531   0.00110209
     0.030984    0.0011022
    0.0310133   0.00110187
     0.031041   0.00110176
    0.0310673   0.00110174
    0.0310923   0.00110151
    0.0311163    0.0011013
    0.0311394   0.00110112
    0.0311616   0.00110095
    0.0311832   0.00110081
    0.0312043   0.00110068
    0.0312248   0.00110051
     0.031245   0.00110052
    0.0312648   0.00110035
    0.0312842   0.00110017
    0.0313034       0.0011
    0.0313223   0.00109984
     0.031341   0.00109965
    0.0313595   0.00109949
    0.0313777   0.00109933
    0.0313958   0.00109922
    0.0314137   0.00109893
    0.0314314   0.00109884
    0.0314489   0.00109876
    0.0314662    0.0010987
    0.0314834   0.00109865
    0.0315004   0.00109846
    0.0315173   0.00109846
    0.0315341   0.00109847
    0.0315508   0.00109841
    0.0315675   0.00109847
    0.0315842   0.00109855
     0.031601   0.00109865
    0.0316178   0.00109877
    0.0316348   0.00109887
    0.0316519   0.00109902
    0.0316692   0.00109908
    0.0316867   0.00109925
    0.0317044   0.00109923
    0.0317224    0.0010994
    0.0317407    0.0010996
    0.0317593   0.00109977
    0.0317781   0.00109999
    0.0317971    0.0011001
    0.0318163   0.00110023
    0.0318357   0.00110038
    0.0318553   0.00110061
    0.0318752   0.00110061
    0.0318953   0.00110064
    0.0319156   0.00110082
    0.0319362   0.00110098
     0.031957   0.00110111
     0.031978   0.00110128
    0.0319992   0.00110138
    0.0320207   0.00110153
    0.0320423   0.00110166
    0.0320642   0.00110179
    0.0320862   0.00110199
    0.0321085   0.00110209
    0.0321311   0.00110216
     0.032154   0.00110223
    0.0321771    0.0011023
    0.0322007   0.00110238
    0.0322246   0.00110247
    0.0322491    0.0011026
    0.0322736   0.00110272
     0.032298   0.00110284
    0.0323223   0.00110297
    0.0323467   0.00110324
    0.0323713   0.00110333
    0.0323961   0.00110332
    0.0324213    0.0011034
    0.0324468   0.00110347
    0.0324729   0.00110354
    0.0324995    0.0011036
    0.0325269   0.00110365
     0.032555   0.00110376
    0.0325841   0.00110376
    0.0326143    0.0011036
    0.0326457   0.00110332
    0.0326784   0.00110318
    0.0327119   0.00110293
    0.0327453   0.00110245
     0.032779   0.00110258
    0.0328127   0.00110243
    0.0328458   0.00110224
    0.0328775   0.00110233
    0.0329079   0.00110196
    0.0329367   0.00110181
     0.032964   0.00110175
    0.0329899   0.00110147
    0.0330146   0.00110122
    0.0330382   0.00110099
     0.033061   0.00110079
    0.0330831   0.00110062
    0.0331045   0.00110046
    0.0331254   0.00110027
    0.0331459   0.00110026
     0.033166   0.00110007
    0.0331858   0.00109988
    0.0332052   0.00109969
    0.0332244   0.00109951
    0.0332433    0.0010993
     0.033262   0.00109914
    0.0332805   0.00109896
    0.0332987   0.00109866
    0.0333168   0.00109855
    0.0333346   0.00109846
    0.0333523   0.00109838
    0.0333698   0.00109832
    0.0333871   0.00109828
    0.0334043   0.00109811
    0.0334214   0.00109811
    0.0334384   0.00109804
    0.0334554   0.00109809
    0.0334723   0.00109817
    0.0334893   0.00109827
    0.0335063   0.00109839
    0.0335234   0.00109853
    0.0335406   0.00109865
     0.033558   0.00109872
    0.0335756    0.0010989
    0.0335934   0.00109887
    0.0336116   0.00109906
    0.0336299   0.00109927
    0.0336486   0.00109945
    0.0336674   0.00109957
    0.0336864   0.00109993
    0.0337056   0.00110018
    0.0337249   0.00110012
    0.0337445   0.00110015
    0.0337644   0.00110038
    0.0337845   0.00110043
    0.0338048   0.00110063
    0.0338253   0.00110082
     0.033846   0.00110096
     0.033867   0.00110116
    0.0338882   0.00110128
    0.0339096   0.00110146
    0.0339313   0.00110162
    0.0339532   0.00110177
    0.0339753     0.001102
    0.0339977   0.00110212
    0.0340204   0.00110221
    0.0340433   0.00110231
    0.0340667   0.00110241
    0.0340904   0.00110252
    0.0341146   0.00110268
    0.0341393   0.00110281
    0.0341648   0.00110296
    0.0341901   0.00110311
    0.0342154   0.00110325
    0.0342409   0.00110353
    0.0342666   0.00110366
    0.0342926   0.00110364
     0.034319   0.00110373
    0.0343458   0.00110381
    0.0343731   0.00110387
    0.0344012   0.00110393
    0.0344301   0.00110403
      0.03446   0.00110402
    0.0344911   0.00110371
    0.0345234   0.00110344
    0.0345571    0.0011033
    0.0345918   0.00110278
    0.0346265   0.00110287
    0.0346613   0.00110258
    0.0346949   0.00110252
    0.0347272   0.00110232
    0.0347581   0.00110236
    0.0347875   0.00110195
    0.0348155   0.00110177
    0.0348421   0.00110167
    0.0348673   0.00110138
    0.0348913   0.00110111
    0.0349144   0.00110088
    0.0349368   0.00110066
    0.0349584    0.0011005
    0.0349795   0.00110029
        0.035   0.00110008
    0.0350202   0.00110005
    0.0350399   0.00109984
    0.0350593   0.00109964
    0.0350784   0.00109944
    0.0350973   0.00109923
    0.0351159   0.00109905
    0.0351342   0.00109885
    0.0351524   0.00109853
    0.0351704   0.00109841
    0.0351882   0.00109831
    0.0352058   0.00109822
    0.0352232   0.00109815
    0.0352405    0.0010981
    0.0352576   0.00109792
    0.0352746   0.00109792
    0.0352915   0.00109783
    0.0353083   0.00109787
    0.0353251   0.00109794
    0.0353419   0.00109804
    0.0353588   0.00109816
    0.0353757    0.0010983
    0.0353928   0.00109841
      0.03541   0.00109849
    0.0354274   0.00109867
    0.0354451   0.00109865
     0.035463   0.00109884
    0.0354812   0.00109905
    0.0354997   0.00109923
    0.0355184   0.00109935
    0.0355371   0.00109971
    0.0355561   0.00109997
    0.0355753   0.00109992
    0.0355947   0.00109995
    0.0356143   0.00110019
    0.0356342   0.00110025
    0.0356543   0.00110046
    0.0356745   0.00110067
     0.035695   0.00110083
    0.0357157   0.00110105
    0.0357367   0.00110118
    0.0357578   0.00110138
    0.0357791   0.00110156
    0.0358007   0.00110173
    0.0358225   0.00110198
    0.0358446   0.00110212
    0.0358669   0.00110223
    0.0358896   0.00110236
    0.0359126   0.00110248
     0.035936   0.00110261
    0.0359599   0.00110278
    0.0359843   0.00110294
    0.0360089   0.00110311
    0.0360333   0.00110327
    0.0360576   0.00110344
     0.036082   0.00110374
    0.0361066   0.00110387
    0.0361313   0.00110387
    0.0361563   0.00110397
    0.0361816   0.00110406
    0.0362073   0.00110414
    0.0362336   0.00110419
    0.0362605   0.00110422
    0.0362881   0.00110432
    0.0363166   0.00110411
    0.0363462   0.00110383
    0.0363769   0.00110374
    0.0364088   0.00110346
    0.0364417   0.00110326
    0.0364751   0.00110305
    0.0365083   0.00110275
    0.0365406   0.00110267
    0.0365719   0.00110245
    0.0366017   0.00110247
    0.0366301   0.00110203
    0.0366571   0.00110183
    0.0366828   0.00110171
    0.0367074    0.0011014
     0.036731   0.00110111
    0.0367537   0.00110086
    0.0367758   0.00110062
    0.0367972   0.00110043
    0.0368181    0.0011002
    0.0368386   0.00109998
    0.0368587   0.00109993
    0.0368786    0.0010997
    0.0368982   0.00109948
    0.0369175   0.00109926
    0.0369367   0.00109903
    0.0369556   0.00109883
    0.0369744   0.00109844
    0.0369929   0.00109829
    0.0370113   0.00109816
    0.0370294   0.00109806
    0.0370473   0.00109796
    0.0370651   0.00109788
    0.0370826   0.00109784
    0.0370999   0.00109767
    0.0371171   0.00109757
    0.0371341   0.00109759
    0.0371511   0.00109765
    0.0371679   0.00109773
    0.0371847   0.00109785
    0.0372015   0.00109798
    0.0372183   0.00109814
    0.0372352   0.00109817
    0.0372522   0.00109835
    0.0372694   0.00109832
    0.0372868   0.00109851
    0.0373044   0.00109871
    0.0373224   0.00109892
    0.0373405     0.001099
     0.037359   0.00109923
    0.0373776    0.0010996
    0.0373963   0.00109964
    0.0374154    0.0010996
    0.0374347   0.00109984
    0.0374543   0.00109991
    0.0374741   0.00110014
    0.0374941   0.00110037
    0.0375145   0.00110059
     0.037535   0.00110079
    0.0375557   0.00110099
    0.0375767   0.00110115
    0.0375978   0.00110135
    0.0376193   0.00110155
    0.0376409   0.00110182
    0.0376628   0.00110199
     0.037685   0.00110214
    0.0377075   0.00110228
    0.0377304   0.00110242
    0.0377536   0.00110257
    0.0377772   0.00110276
    0.0378014   0.00110294
     0.037826   0.00110313
    0.0378504   0.00110331
    0.0378746   0.00110349
    0.0378988   0.00110382
    0.0379231   0.00110398
    0.0379477   0.00110399
    0.0379725   0.00110411
    0.0379976   0.00110421
    0.0380231   0.00110431
    0.0380492   0.00110438
    0.0380758   0.00110442
    0.0381031   0.00110454
    0.0381311   0.00110434
    0.0381602   0.00110407
    0.0381903   0.00110376
    0.0382214   0.00110372
    0.0382535   0.00110351
    0.0382862   0.00110331
    0.0383188   0.00110301
    0.0383505   0.00110293
    0.0383814   0.00110271
    0.0384112   0.00110273
    0.0384398   0.00110228
    0.0384674   0.00110206
    0.0384938   0.00110192
     0.038519   0.00110157
    0.0385434   0.00110126
    0.0385668   0.00110097
    0.0385896    0.0011007
    0.0386116   0.00110049
    0.0386332   0.00110023
    0.0386542   0.00109998
    0.0386749    0.0010999
    0.0386952   0.00109965
    0.0387152   0.00109941
     0.038735   0.00109918
    0.0387545   0.00109893
    0.0387739   0.00109873
     0.038793   0.00109831
    0.0388118   0.00109816
    0.0388304   0.00109803
    0.0388488   0.00109791
    0.0388669    0.0010978
    0.0388848   0.00109773
    0.0389025   0.00109769
      0.03892   0.00109743
    0.0389373   0.00109741
    0.0389545   0.00109744
    0.0389716    0.0010975
    0.0389886   0.00109759
    0.0390057   0.00109771
    0.0390228   0.00109785
    0.0390399   0.00109796
    0.0390573   0.00109804
    0.0390748     0.001098
    0.0390926   0.00109818
    0.0391106   0.00109837
    0.0391289   0.00109858
    0.0391475   0.00109865
    0.0391662   0.00109889
    0.0391851   0.00109925
    0.0392041   0.00109952
    0.0392233   0.00109926
    0.0392428   0.00109934
    0.0392626   0.00109957
    0.0392826   0.00109982
    0.0393028   0.00110006
    0.0393233   0.00110029
     0.039344    0.0011005
    0.0393649   0.00110072
     0.039386   0.00110088
    0.0394074    0.0011011
    0.0394289   0.00110131
    0.0394507    0.0011016
    0.0394728   0.00110179
    0.0394951   0.00110195
    0.0395178   0.00110211
    0.0395409   0.00110227
    0.0395643   0.00110244
    0.0395881   0.00110265
    0.0396124   0.00110285
    0.0396374   0.00110306
    0.0396623   0.00110327
     0.039687   0.00110347
    0.0397118   0.00110382
    0.0397366   0.00110399
    0.0397616   0.00110402
    0.0397869   0.00110415
    0.0398125   0.00110427
    0.0398385   0.00110438
     0.039865   0.00110444
    0.0398923   0.00110451
    0.0399203   0.00110463
    0.0399493   0.00110435
    0.0399794   0.00110409
    0.0400108     0.001104
    0.0400436   0.00110348
    0.0400772   0.00110355
     0.040111    0.0011033
    0.0401439   0.00110317
    0.0401759   0.00110295
    0.0402069   0.00110298
    0.0402367   0.00110253
    0.0402653   0.00110215
    0.0402925   0.00110216
    0.0403185   0.00110178
    0.0403434   0.00110144
    0.0403671   0.00110113
    0.0403899   0.00110085
     0.040412   0.00110063
    0.0404334   0.00110036
    0.0404542    0.0011001
    0.0404745   0.00110001
    0.0404944   0.00109976
    0.0405139   0.00109951
     0.040533   0.00109927
    0.0405519   0.00109902
    0.0405705   0.00109881
    0.0405889   0.00109839
    0.0406071   0.00109823
     0.040625   0.00109808
    0.0406428   0.00109795
    0.0406604   0.00109783
    0.0406779   0.00109773
    0.0406952   0.00109766
    0.0407123   0.00109747
    0.0407294   0.00109734
    0.0407463   0.00109733
    0.0407632   0.00109736
      0.04078   0.00109742
    0.0407968   0.00109751
    0.0408137   0.00109763
    0.0408306   0.00109777
    0.0408477   0.00109779
     0.040865   0.00109774
    0.0408825    0.0010979
    0.0409002   0.00109808
    0.0409182   0.00109828
    0.0409366   0.00109846
    0.0409551   0.00109855
    0.0409736   0.00109891
    0.0409924   0.00109915
    0.0410112   0.00109941
    0.0410303   0.00109913
    0.0410497    0.0010992
    0.0410692   0.00109943
     0.041089   0.00109967
    0.0411091   0.00109991
    0.0411294   0.00110014
    0.0411499   0.00110035
    0.0411706   0.00110057
    0.0411915   0.00110074
    0.0412127   0.00110096
    0.0412341   0.00110118
    0.0412556   0.00110147
    0.0412775   0.00110166
    0.0412996   0.00110183
    0.0413221     0.001102
     0.041345   0.00110218
    0.0413682   0.00110236
    0.0413918   0.00110259
     0.041416   0.00110281
    0.0414408   0.00110303
    0.0414655   0.00110326
      0.04149   0.00110347
    0.0415144   0.00110384
    0.0415388    0.0011039
    0.0415634   0.00110406
    0.0415882    0.0011042
    0.0416133   0.00110433
    0.0416387   0.00110444
    0.0416645   0.00110452
    0.0416909    0.0011046
    0.0417179   0.00110473
    0.0417457   0.00110447
    0.0417746   0.00110423
    0.0418046   0.00110393
    0.0418358   0.00110365
    0.0418679   0.00110373
    0.0419006   0.00110354
     0.041933   0.00110324
    0.0419646   0.00110316
    0.0419954   0.00110292
    0.0420252   0.00110291
    0.0420536   0.00110238
    0.0420808   0.00110219
    0.0421066   0.00110203
    0.0421312   0.00110168
    0.0421548   0.00110135
    0.0421776   0.00110106
    0.0421996    0.0011008
    0.0422209   0.00110055
    0.0422417   0.00110028
     0.042262   0.00110019
    0.0422819   0.00109992
    0.0423015   0.00109966
    0.0423208   0.00109941
    0.0423397   0.00109915
    0.0423585   0.00109892
     0.042377   0.00109866
    0.0423952    0.0010983
    0.0424133   0.00109814
    0.0424311   0.00109799
    0.0424488   0.00109786
    0.0424663   0.00109774
    0.0424836   0.00109765
    0.0425008   0.00109759
    0.0425178    0.0010973
    0.0425346   0.00109727
    0.0425514   0.00109727
    0.0425681   0.00109731
    0.0425847   0.00109738
    0.0426013   0.00109748
     0.042618    0.0010976
    0.0426347    0.0010977
    0.0426516   0.00109776
    0.0426686    0.0010977
    0.0426859   0.00109787
    0.0427034   0.00109805
    0.0427212   0.00109824
    0.0427393   0.00109829
    0.0427577    0.0010985
    0.0427761   0.00109885
    0.0427947   0.00109909
    0.0428134   0.00109904
    0.0428325   0.00109888
    0.0428517   0.00109911
    0.0428712   0.00109934
    0.0428909   0.00109958
    0.0429109   0.00109982
    0.0429311   0.00110002
    0.0429515   0.00110026
    0.0429721   0.00110042
    0.0429929   0.00110065
    0.0430139   0.00110087
    0.0430351   0.00110109
    0.0430566   0.00110138
    0.0430783   0.00110158
    0.0431003   0.00110175
    0.0431227   0.00110194
    0.0431454    0.0011021
    0.0431684    0.0011023
    0.0431919   0.00110254
    0.0432159   0.00110276
    0.0432401   0.00110299
     0.043264   0.00110322
    0.0432877   0.00110344
    0.0433114   0.00110381
    0.0433351   0.00110388
    0.0433589   0.00110405
    0.0433829   0.00110419
    0.0434073   0.00110433
     0.043432   0.00110445
     0.043457   0.00110454
    0.0434826   0.00110462
    0.0435088   0.00110477
    0.0435356   0.00110453
    0.0435632   0.00110431
    0.0435918   0.00110403
    0.0436215   0.00110378
     0.043652   0.00110387
    0.0436831   0.00110369
    0.0437142   0.00110341
    0.0437449   0.00110335
     0.043775   0.00110314
    0.0438041   0.00110318
    0.0438321   0.00110274
    0.0438592   0.00110236
    0.0438852   0.00110238
    0.0439102   0.00110201
    0.0439344   0.00110167
    0.0439577   0.00110135
    0.0439803   0.00110105
    0.0440022   0.00110082
    0.0440235   0.00110053
    0.0440444   0.00110043
    0.0440649   0.00110015
     0.044085   0.00109988
    0.0441048   0.00109962
    0.0441243   0.00109935
    0.0441436   0.00109909
    0.0441626   0.00109886
    0.0441815   0.00109844
    0.0442003   0.00109826
    0.0442189   0.00109809
    0.0442372   0.00109795
    0.0442554   0.00109781
    0.0442734   0.00109771
    0.0442912   0.00109764
    0.0443088   0.00109739
    0.0443263   0.00109729
    0.0443436   0.00109729
    0.0443608   0.00109732
    0.0443779   0.00109738
    0.0443949   0.00109748
    0.0444119   0.00109759
     0.044429   0.00109771
    0.0444462   0.00109775
    0.0444635    0.0010977
    0.0444809   0.00109786
    0.0444986   0.00109804
    0.0445165   0.00109823
    0.0445348   0.00109828
    0.0445532   0.00109849
    0.0445717   0.00109883
    0.0445903   0.00109907
    0.0446091    0.0010991
    0.0446281   0.00109886
    0.0446472   0.00109908
    0.0446667   0.00109931
    0.0446864   0.00109955
    0.0447064   0.00109978
    0.0447266   0.00109999
     0.044747   0.00110023
    0.0447677   0.00110042
    0.0447886   0.00110063
    0.0448098   0.00110086
    0.0448312   0.00110107
    0.0448528   0.00110137
    0.0448747   0.00110157
    0.0448969   0.00110174
    0.0449194   0.00110194
    0.0449421    0.0011021
    0.0449653    0.0011023
     0.044989   0.00110254
     0.045013   0.00110276
    0.0450372     0.001103
     0.045061   0.00110323
    0.0450847   0.00110345
    0.0451082   0.00110382
    0.0451317   0.00110389
    0.0451553   0.00110405
    0.0451792    0.0011042
    0.0452033   0.00110434
    0.0452276   0.00110447
    0.0452524   0.00110455
    0.0452775   0.00110464
    0.0453032   0.00110479
    0.0453294   0.00110456
    0.0453562   0.00110435
    0.0453839   0.00110411
    0.0454124     0.001104
    0.0454418   0.00110396
    0.0454718   0.00110379
    0.0455022   0.00110358
    0.0455323   0.00110335
    0.0455621   0.00110329
    0.0455911   0.00110307
    0.0456192   0.00110309
    0.0456464   0.00110258
    0.0456728   0.00110241
    0.0456981   0.00110227
    0.0457226   0.00110191
    0.0457462   0.00110159
    0.0457691   0.00110128
    0.0457912   0.00110109
    0.0458128   0.00110077
    0.0458338   0.00110049
    0.0458545   0.00110039
    0.0458747   0.00110011
    0.0458946   0.00109984
    0.0459142   0.00109959
    0.0459335   0.00109931
    0.0459526   0.00109907
    0.0459715   0.00109881
    0.0459903   0.00109844
    0.0460087   0.00109827
    0.0460271   0.00109811
    0.0460452   0.00109798
    0.0460631   0.00109785
    0.0460808   0.00109776
    0.0460984    0.0010977
    0.0461158    0.0010974
    0.0461331   0.00109737
    0.0461502   0.00109737
    0.0461672   0.00109741
    0.0461842   0.00109749
    0.0462011   0.00109759
    0.0462181   0.00109771
    0.0462351   0.00109781
    0.0462523   0.00109787
    0.0462697   0.00109781
    0.0462872   0.00109798
     0.046305   0.00109815
     0.046323   0.00109835
    0.0463414   0.00109839
    0.0463598   0.00109861
    0.0463784   0.00109895
    0.0463972   0.00109919
     0.046416   0.00109903
    0.0464351   0.00109897
    0.0464545   0.00109919
    0.0464741   0.00109942
    0.0464939   0.00109965
    0.0465139   0.00109988
    0.0465342   0.00110009
    0.0465547   0.00110032
    0.0465754   0.00110047
    0.0465965    0.0011007
    0.0466177   0.00110092
    0.0466391   0.00110113
    0.0466608   0.00110142
    0.0466828    0.0011016
     0.046705   0.00110177
    0.0467276   0.00110195
    0.0467505   0.00110211
    0.0467739   0.00110231
    0.0467976   0.00110254
    0.0468217   0.00110276
    0.0468456   0.00110299
    0.0468691   0.00110321
    0.0468925   0.00110342
    0.0469158   0.00110378
    0.0469394   0.00110385
    0.0469631     0.001104
     0.046987   0.00110416
    0.0470111   0.00110429
    0.0470356   0.00110441
    0.0470605    0.0011045
    0.0470859   0.00110458
    0.0471117   0.00110473
    0.0471382    0.0011045
    0.0471654   0.00110429
    0.0471935   0.00110404
    0.0472224   0.00110405
    0.0472523   0.00110388
    0.0472828   0.00110371
    0.0473137   0.00110344
    0.0473442   0.00110327
    0.0473744    0.0011032
    0.0474039   0.00110298
    0.0474324   0.00110299
      0.04746   0.00110248
    0.0474865   0.00110231
    0.0475121   0.00110217
    0.0475368   0.00110182
    0.0475605   0.00110151
    0.0475835   0.00110121
    0.0476056   0.00110096
    0.0476272   0.00110071
    0.0476482   0.00110044
    0.0476688   0.00110035
    0.0476889   0.00110009
    0.0477087   0.00109983
    0.0477283   0.00109958
    0.0477475   0.00109931
    0.0477666   0.00109908
    0.0477854   0.00109883
     0.047804   0.00109846
    0.0478223    0.0010983
    0.0478404   0.00109815
    0.0478584   0.00109802
    0.0478761    0.0010979
    0.0478937   0.00109781
    0.0479111   0.00109776
    0.0479284   0.00109747
    0.0479455   0.00109744
    0.0479626   0.00109744
    0.0479796   0.00109748
    0.0479966   0.00109755
    0.0480135   0.00109765
    0.0480305   0.00109778
    0.0480475   0.00109788
    0.0480646   0.00109794
    0.0480819   0.00109788
    0.0480993   0.00109804
    0.0481171   0.00109822
     0.048135   0.00109841
    0.0481533   0.00109846
    0.0481716   0.00109867
    0.0481901   0.00109901
    0.0482087   0.00109924
    0.0482276   0.00109928
    0.0482466    0.0010992
    0.0482659   0.00109926
    0.0482854   0.00109948
    0.0483051   0.00109971
     0.048325   0.00109994
    0.0483452   0.00110014
    0.0483657   0.00110036
    0.0483863   0.00110057
    0.0484073   0.00110073
    0.0484283   0.00110095
    0.0484495   0.00110115
     0.048471   0.00110144
    0.0484929   0.00110162
     0.048515   0.00110178
    0.0485375   0.00110194
      0.04856    0.0011021
    0.0485833   0.00110228
    0.0486069    0.0011025
    0.0486305    0.0011027
    0.0486545   0.00110292
    0.0486781   0.00110314
    0.0487017   0.00110334
    0.0487253    0.0011037
    0.0487489   0.00110388
    0.0487725   0.00110392
    0.0487966   0.00110407
    0.0488207    0.0011042
    0.0488447   0.00110432
    0.0488693   0.00110443
    0.0488944   0.00110449
    0.0489196   0.00110456
    0.0489453   0.00110468
    0.0489717   0.00110444
    0.0489995   0.00110421
     0.049028   0.00110393
    0.0490575   0.00110367
    0.0490879   0.00110376
    0.0491194   0.00110357
    0.0491508   0.00110328
    0.0491811   0.00110323
    0.0492115   0.00110301
    0.0492407   0.00110306
    0.0492688   0.00110262
    0.0492959   0.00110225
     0.049322   0.00110229
    0.0493471   0.00110194
    0.0493712   0.00110161
    0.0493945    0.0011013
     0.049417   0.00110103
    0.0494394   0.00110081
    0.0494609   0.00110053
    0.0494817   0.00110028
    0.0495024   0.00110019
    0.0495223   0.00109994
    0.0495422   0.00109969
    0.0495613   0.00109945
    0.0495804    0.0010992
    0.0495994   0.00109897
    0.0496176   0.00109873
    0.0496359   0.00109838
    0.0496541   0.00109823
    0.0496723   0.00109808
    0.0496895   0.00109797
    0.0497068   0.00109786
     0.049724   0.00109777
    0.0497413   0.00109772
    0.0497585   0.00109753
    0.0497758   0.00109741
    0.0497918   0.00109742
    0.0498078   0.00109746
    0.0498238   0.00109752
    0.0498398   0.00109761
    0.0498558   0.00109773
    0.0498719   0.00109786
    0.0498879   0.00109786
    0.0499039   0.00109801
    0.0499199   0.00109795
    0.0499359    0.0010981
    0.0499519   0.00109827
     0.049968   0.00109844
     0.049984   0.00109859
         0.05   0.00109865
