#         Time          min          max      average
            1            (22.6284 22.6324 -0.0828743)            (36.0646 36.0581 0.0832695)            (23.7872 23.7878 2.58666e-05)
            2            (22.9129 22.8956 -0.0321959)            (35.0908 35.1008 0.0320434)            (23.9272 23.9267 -1.97023e-05)
            3            (22.8395 22.8321 -0.0105502)            (34.3234 34.3254 0.0105346)            (23.8269 23.8234 -3.18382e-05)
            4            (22.8362 22.8251 -0.00355184)            (33.7131 33.7089 0.00355232)            (23.7971 23.7905 -2.45601e-05)
            5            (22.8537 22.8423 -0.00667255)            (33.1645 33.156 0.00651572)            (23.7917 23.7811 4.18735e-05)
            6            (22.8463 22.831 -0.00891721)            (32.6193 32.6074 0.00876272)            (23.7646 23.7471 0.000107246)
            7            (22.8472 22.8179 -0.00742343)            (32.0703 32.0582 0.00749768)            (23.7423 23.7142 2.99092e-05)
            8            (22.863 22.8034 -0.0237999)            (31.4425 31.4416 0.0237421)            (23.724 23.6814 0.000110367)
            9            (22.9029 22.8015 -0.0540636)            (30.6636 30.679 0.0541798)            (23.7119 23.6502 0.000162141)
           10            (22.9658 22.8206 -0.0866574)            (29.7281 29.7583 0.0867836)            (23.7059 23.6211 0.000152364)
           11            (23.0425 22.8619 -0.109253)            (28.7119 28.7494 0.109332)            (23.7052 23.596 0.000107891)
           12            (23.1189 22.9134 -0.117369)            (27.7102 27.7465 0.117533)            (23.7077 23.5764 5.81077e-05)
           13            (23.19 22.9719 -0.114047)            (26.8005 26.8289 0.114051)            (23.7124 23.5645 1.33566e-05)
           14            (23.2481 23.0302 -0.101886)            (26.022 26.0392 0.101717)            (23.7145 23.5572 -2.17715e-05)
           15            (23.291 23.0843 -0.0852278)            (25.3876 25.3934 0.0849038)            (23.7129 23.5541 -5.65478e-05)
           16            (23.3229 23.1346 -0.0683689)            (24.9514 24.9406 0.0683345)            (23.7084 23.5553 -9.20569e-05)
           17            (23.1646 23.0559 -0.0572087)            (25.0097 24.9598 0.0571445)            (23.7013 23.56 -0.000129876)
           18            (22.9052 22.861 -0.0461927)            (25.0691 25.0182 0.0460728)            (23.6923 23.5672 -0.000171174)
           19            (22.5342 22.5259 -0.036485)            (25.1036 25.0583 0.0360101)            (23.6821 23.576 -0.000215712)
           20            (22.2231 22.2199 -0.0277748)            (25.113 25.0779 0.0271934)            (23.6714 23.5858 -0.000261482)
           21            (21.9563 21.9565 -0.0292281)            (25.0995 25.0774 0.0287341)            (23.6607 23.596 -0.000305805)
           22            (21.722 21.7246 -0.0307025)            (25.0659 25.0575 0.0301541)            (23.6505 23.606 -0.000345267)
           23            (21.5121 21.5163 -0.030379)            (25.015 25.0195 0.0298659)            (23.6412 23.6155 -0.00037495)
           24            (21.3206 21.3259 -0.0290222)            (24.95 24.9653 0.028512)            (23.6328 23.6242 -0.000391456)
           25            (21.1441 21.1503 -0.028218)            (24.8739 24.8975 0.0277158)            (23.6257 23.6318 -0.0003926)
           26            (20.9809 20.9881 -0.0273795)            (24.7925 24.8191 0.0269057)            (23.6198 23.6385 -0.000378827)
           27            (20.83 20.838 -0.0261937)            (24.7377 24.7626 0.0257631)            (23.615 23.6439 -0.000351859)
           28            (20.6914 20.7003 -0.0248261)            (24.6788 24.706 0.0244536)            (23.6113 23.6483 -0.000314585)
           29            (20.5652 20.5751 -0.0237227)            (24.6175 24.645 0.0233765)            (23.6086 23.6517 -0.000270484)
           30            (20.4513 20.4621 -0.0227827)            (24.5688 24.6188 0.0225)            (23.6069 23.6542 -0.000223066)
           31            (20.3491 20.3608 -0.02231)            (24.5442 24.5918 0.0220002)            (23.6058 23.6558 -0.000175488)
           32            (20.2582 20.2707 -0.0222777)            (24.5236 24.5652 0.0220031)            (23.6054 23.6567 -0.000130313)
           33            (20.1777 20.191 -0.0224588)            (24.5034 24.5413 0.0222347)            (23.6056 23.6571 -8.94204e-05)
           34            (20.1068 20.1208 -0.0227684)            (24.4816 24.515 0.0226051)            (23.6062 23.6569 -5.40041e-05)
           35            (20.0445 20.0592 -0.024072)            (24.4588 24.4869 0.0242295)            (23.6071 23.6564 -2.47308e-05)
           36            (19.9901 20.0054 -0.0260146)            (24.4354 24.4578 0.0261712)            (23.6083 23.6555 -1.43251e-06)
           37            (19.9425 19.9583 -0.0278307)            (24.4118 24.4368 0.0279802)            (23.6096 23.6544 1.58476e-05)
           38            (19.9012 19.9175 -0.0294998)            (24.3937 24.4226 0.029636)            (23.6111 23.6531 2.80953e-05)
           39            (19.8651 19.8819 -0.0310143)            (24.3853 24.4079 0.0311356)            (23.6127 23.6518 3.58099e-05)
           40            (19.8338 19.851 -0.0323748)            (24.3762 24.3925 0.0324804)            (23.6143 23.6503 3.99243e-05)
           41            (19.8065 19.8241 -0.0335875)            (24.3666 24.3768 0.0336775)            (23.6159 23.6489 4.11652e-05)
           42            (19.7829 19.8008 -0.0346615)            (24.3569 24.361 0.0347367)            (23.6175 23.6474 4.02823e-05)
           43            (19.7624 19.7806 -0.0356076)            (24.3471 24.3455 0.0356694)            (23.619 23.646 3.79219e-05)
           44            (19.7446 19.7632 -0.0364374)            (24.3376 24.3329 0.0364873)            (23.6204 23.6446 3.46249e-05)
           45            (19.7292 19.7481 -0.0371626)            (24.3283 24.3245 0.0372022)            (23.6218 23.6433 3.0823e-05)
           46            (19.716 19.7351 -0.0377952)            (24.3195 24.3162 0.037826)            (23.623 23.6421 2.68451e-05)
           47            (19.7045 19.7239 -0.0383467)            (24.3156 24.308 0.0383702)            (23.6242 23.641 2.29273e-05)
           48            (19.6947 19.7142 -0.0388279)            (24.3122 24.3001 0.0388454)            (23.6253 23.64 1.9228e-05)
           49            (19.6862 19.706 -0.0392483)            (24.3088 24.2925 0.0392609)            (23.6262 23.639 1.58427e-05)
           50            (19.679 19.6989 -0.0396159)            (24.3055 24.2854 0.0396247)            (23.6271 23.6381 1.28198e-05)
           51            (19.6727 19.6928 -0.0399374)            (24.3022 24.2787 0.0399432)            (23.6279 23.6374 1.01746e-05)
           52            (19.6674 19.6876 -0.0402991)            (24.2991 24.2724 0.0403048)            (23.6287 23.6367 7.90002e-06)
           53            (19.6629 19.6832 -0.0406896)            (24.2962 24.2683 0.0406938)            (23.6293 23.636 5.94518e-06)
           54            (19.659 19.6794 -0.0410321)            (24.2934 24.2647 0.0410355)            (23.6299 23.6355 4.34225e-06)
           55            (19.6557 19.6762 -0.0413324)            (24.2909 24.2617 0.0413349)            (23.6304 23.6349 3.01196e-06)
           56            (19.6529 19.6735 -0.0415943)            (24.2885 24.2588 0.041596)            (23.6309 23.6345 1.94127e-06)
           57            (19.6505 19.6712 -0.0418227)            (24.2863 24.2561 0.041824)            (23.6313 23.6341 1.10897e-06)
           58            (19.6485 19.6692 -0.0420219)            (24.2843 24.2537 0.0420228)            (23.6316 23.6337 4.4808e-07)
           59            (19.6468 19.6675 -0.0421946)            (24.2831 24.2514 0.0421951)            (23.6319 23.6334 -5.52677e-08)
           60            (19.6454 19.6661 -0.0423445)            (24.2825 24.2493 0.0423448)            (23.6322 23.6332 -4.16711e-07)
           61            (19.6441 19.6649 -0.0424744)            (24.2819 24.2474 0.0424747)            (23.6325 23.6329 -6.82064e-07)
           62            (19.6431 19.6639 -0.0425868)            (24.2813 24.2457 0.0425869)            (23.6327 23.6327 -8.58944e-07)
           63            (19.6422 19.6631 -0.0426839)            (24.2807 24.2442 0.0426839)            (23.6329 23.6325 -9.69819e-07)
           64            (19.6415 19.6624 -0.0427676)            (24.2802 24.243 0.0427676)            (23.633 23.6323 -1.02936e-06)
           65            (19.6409 19.6618 -0.0428398)            (24.2797 24.2422 0.0428397)            (23.6332 23.6322 -1.0496e-06)
           66            (19.6404 19.6613 -0.0429019)            (24.2792 24.2415 0.0429018)            (23.6333 23.6321 -1.04079e-06)
           67            (19.6399 19.6609 -0.0429554)            (24.2788 24.2409 0.0429553)            (23.6334 23.6319 -1.01065e-06)
           68            (19.6396 19.6605 -0.0430014)            (24.2784 24.2403 0.0430013)            (23.6335 23.6318 -9.65174e-07)
           69            (19.6393 19.6602 -0.0430409)            (24.2781 24.2397 0.0430408)            (23.6336 23.6318 -9.09402e-07)
           70            (19.639 19.66 -0.0430749)            (24.2777 24.2393 0.0430748)            (23.6337 23.6317 -8.47138e-07)
           71            (19.6388 19.6598 -0.043104)            (24.2774 24.2389 0.0431039)            (23.6338 23.6316 -7.81406e-07)
           72            (19.6386 19.6596 -0.043129)            (24.2771 24.2385 0.0431289)            (23.6338 23.6315 -7.14601e-07)
           73            (19.6385 19.6594 -0.0431505)            (24.2769 24.2381 0.0431504)            (23.6339 23.6315 -6.48836e-07)
           74            (19.6384 19.6593 -0.0431688)            (24.2767 24.2378 0.0431687)            (23.6339 23.6314 -5.85321e-07)
           75            (19.6383 19.6592 -0.0431846)            (24.2765 24.2376 0.0431845)            (23.634 23.6314 -5.25173e-07)
           76            (19.6382 19.6591 -0.0431981)            (24.2763 24.2373 0.043198)            (23.634 23.6314 -4.68721e-07)
           77            (19.6381 19.6591 -0.0432096)            (24.2761 24.2371 0.0432095)            (23.6341 23.6313 -4.16528e-07)
           78            (19.638 19.659 -0.0432194)            (24.276 24.2369 0.0432194)            (23.6341 23.6313 -3.68962e-07)
           79            (19.638 19.659 -0.0432279)            (24.2759 24.2367 0.0432279)            (23.6341 23.6313 -3.2593e-07)
           80            (19.638 19.6589 -0.0432351)            (24.2757 24.2366 0.0432351)            (23.6341 23.6313 -2.87312e-07)
           81            (19.6379 19.6589 -0.0432413)            (24.2756 24.2364 0.0432413)            (23.6341 23.6312 -2.5287e-07)
           82            (19.6379 19.6589 -0.0432465)            (24.2755 24.2363 0.0432465)            (23.6342 23.6312 -2.22067e-07)
           83            (19.6379 19.6589 -0.043251)            (24.2755 24.2362 0.043251)            (23.6342 23.6312 -1.94701e-07)
           84            (19.6379 19.6588 -0.0432548)            (24.2754 24.2361 0.0432548)            (23.6342 23.6312 -1.70723e-07)
           85            (19.6378 19.6588 -0.0432581)            (24.2753 24.236 0.0432581)            (23.6342 23.6312 -1.49616e-07)
           86            (19.6378 19.6588 -0.0432609)            (24.2753 24.2359 0.0432609)            (23.6342 23.6312 -1.31067e-07)
           87            (19.6378 19.6588 -0.0432633)            (24.2752 24.2358 0.0432633)            (23.6342 23.6312 -1.14777e-07)
           88            (19.6378 19.6588 -0.0432653)            (24.2752 24.2358 0.0432653)            (23.6342 23.6311 -1.00466e-07)
           89            (19.6378 19.6588 -0.043267)            (24.2751 24.2357 0.043267)            (23.6342 23.6311 -8.78928e-08)
           90            (19.6378 19.6588 -0.0432685)            (24.2751 24.2357 0.0432685)            (23.6342 23.6311 -7.68425e-08)
           91            (19.6378 19.6588 -0.0432697)            (24.2751 24.2356 0.0432697)            (23.6343 23.6311 -6.71348e-08)
           92            (19.6378 19.6588 -0.0432708)            (24.275 24.2356 0.0432708)            (23.6343 23.6311 -5.85947e-08)
           93            (19.6378 19.6588 -0.0432717)            (24.275 24.2355 0.0432717)            (23.6343 23.6311 -5.10855e-08)
           94            (19.6378 19.6588 -0.0432724)            (24.275 24.2355 0.0432724)            (23.6343 23.6311 -4.4479e-08)
           95            (19.6378 19.6588 -0.0432731)            (24.275 24.2355 0.0432731)            (23.6343 23.6311 -3.86148e-08)
           96            (19.6378 19.6588 -0.0432736)            (24.275 24.2355 0.0432736)            (23.6343 23.6311 -3.34586e-08)
           97            (19.6378 19.6588 -0.0432741)            (24.275 24.2354 0.0432741)            (23.6343 23.6311 -2.89775e-08)
           98            (19.6378 19.6588 -0.0432745)            (24.2749 24.2354 0.0432745)            (23.6343 23.6311 -2.50574e-08)
           99            (19.6378 19.6588 -0.0432748)            (24.2749 24.2354 0.0432748)            (23.6343 23.6311 -2.16047e-08)
          100            (19.6378 19.6588 -0.0432751)            (24.2749 24.2354 0.0432751)            (23.6343 23.6311 -1.85548e-08)
