#        Time  average
            1      553.239
            2       282.06
            3      127.455
            4      83.3568
            5      57.8423
            6      41.9512
            7      41.2822
            8      44.5584
            9      48.7838
           10      52.3926
           11      55.5238
           12      58.1987
           13      61.4058
           14      61.8898
           15       61.985
           16       62.051
           17      61.9903
           18      61.8507
           19      61.6567
           20      61.4282
           21      61.1548
           22      60.8498
           23      60.5241
           24      60.1946
           25      59.8529
           26      59.5206
           27      59.1952
           28       58.882
           29      58.5805
           30      58.2916
           31       58.016
           32      57.7539
           33      57.5053
           34      57.2694
           35       57.055
           36      56.8202
           37      56.6458
           38      56.4463
           39      56.2932
           40       56.143
           41       56.004
           42      55.8775
           43      55.7627
           44      55.6591
           45       55.566
           46      55.4827
           47      55.4083
           48      55.3422
           49      55.2834
           50      55.2313
           51      55.1853
           52      55.1448
           53      55.1182
           54      55.0727
           55       55.048
           56       55.032
           57      55.0013
           58      54.9858
           59      54.9752
           60      54.9547
           61       54.945
           62      54.9351
           63      54.9266
           64      54.9191
           65      54.9126
           66       54.907
           67      54.9022
           68       54.898
           69      54.8945
           70      54.8914
           71      54.8888
           72      54.8867
           73      54.8848
           74      54.8832
           75      54.8819
           76      54.8807
           77      54.8798
           78      54.8789
           79      54.8783
           80      54.8777
           81      54.8772
           82      54.8768
           83      54.8764
           84      54.8762
           85      54.8759
           86      54.8757
           87      54.8755
           88      54.8754
           89      54.8753
           90      54.8752
           91      54.8751
           92      54.8751
           93       54.875
           94       54.875
           95      54.8749
           96      54.8749
           97      54.8749
           98      54.8748
           99      54.8748
          100      54.8748
