#        Time  min max
            1      32.8246      84.3465
            2      32.5877      77.8388
            3      32.4782      72.6985
            4      32.4522      67.5598
            5      32.3835      61.8537
            6      32.3556      56.6462
            7       32.352      52.4074
            8      32.3751      49.6292
            9      32.4162       48.687
           10      32.4674      48.1253
           11      32.5114      47.8053
           12       32.552      47.5286
           13       32.599      47.3012
           14      32.6453      47.1516
           15      32.6899      47.0355
           16      32.7376      46.9478
           17      32.6012      46.8838
           18      32.4002      46.8382
           19       32.231      46.8066
           20      32.0895       46.785
           21      31.9716      46.7705
           22      31.8735      46.7644
           23      31.7918      46.7628
           24      31.7237      46.7643
           25      31.6666      46.7684
           26      31.6187      46.7716
           27      31.5783      46.7741
           28      31.5443      46.7761
           29      31.5157      46.7777
           30      31.4915      46.7791
           31      31.4711      46.7801
           32      31.4539       46.781
           33      31.4395      46.7817
           34      31.4274      46.7823
           35      31.4172      46.7829
           36      31.4087      46.7833
           37      31.4017      46.7837
           38      31.3958      46.7839
           39      31.3909      46.7842
           40      31.3868      46.7844
           41      31.3834      46.7846
           42      31.3806      46.7847
           43      31.3783      46.7849
           44      31.3764       46.785
           45      31.3748      46.7851
           46      31.3735      46.7852
           47      31.3724      46.7852
           48      31.3715      46.7853
           49      31.3708      46.7854
           50      31.3702      46.7854
           51      31.3698      46.7854
           52      31.3694      46.7855
           53      31.3691      46.7855
           54      31.3689      46.7855
           55      31.3687      46.7856
           56      31.3686      46.7856
           57      31.3684      46.7856
           58      31.3683      46.7856
           59      31.3683      46.7856
           60      31.3682      46.7856
           61      31.3682      46.7856
           62      31.3682      46.7856
           63      31.3681      46.7857
           64      31.3681      46.7857
           65      31.3681      46.7857
           66      31.3681      46.7857
           67      31.3681      46.7857
           68      31.3681      46.7857
           69      31.3681      46.7857
           70      31.3681      46.7857
           71      31.3681      46.7857
           72      31.3681      46.7857
           73      31.3681      46.7857
           74      31.3681      46.7857
           75      31.3681      46.7857
           76      31.3681      46.7857
           77      31.3682      46.7857
           78      31.3682      46.7857
           79      31.3682      46.7857
           80      31.3682      46.7857
           81      31.3682      46.7857
           82      31.3682      46.7857
           83      31.3682      46.7857
           84      31.3682      46.7857
           85      31.3682      46.7857
           86      31.3682      46.7857
           87      31.3682      46.7857
           88      31.3682      46.7857
           89      31.3682      46.7857
           90      31.3682      46.7857
           91      31.3682      46.7857
           92      31.3682      46.7857
           93      31.3682      46.7857
           94      31.3682      46.7857
           95      31.3682      46.7857
           96      31.3682      46.7857
           97      31.3682      46.7857
           98      31.3682      46.7857
           99      31.3682      46.7857
          100      31.3682      46.7857
