#        Time  min max average
            1      37.5862      1516.46      349.281
            2      47.4004      3889.64      1197.56
            3      74.9411      8431.02       2377.6
            4      114.808      13687.3       3271.7
            5      154.884        18527      3675.24
            6      186.517      20830.6      3751.45
            7      207.912      20557.8      3692.54
            8      221.558      18799.4      3602.21
            9      229.603      16526.5      3517.75
           10      232.478      14325.6      3446.94
           11      230.964      12475.1      3390.82
           12       227.61      11049.3       3346.9
           13        221.8      10002.1      3311.42
           14      212.915      9238.23      3281.55
           15       205.43      8688.12      3255.13
           16      199.248       8294.7      3230.86
           17      194.205      8014.06      3208.12
           18      190.103      7813.63      3186.68
           19      186.759      7692.62      3166.56
           20      184.013      7600.31      3147.92
           21      181.739      7524.26      3130.95
           22      179.839      7462.55      3115.76
           23      178.241       7421.9      3102.41
           24      176.891       7386.9      3090.83
           25      175.749      7357.42      3080.93
           26      174.781      7333.94      3072.56
           27      173.963      7314.97      3065.51
           28      173.271       7299.9      3059.59
           29      172.688      7291.34       3054.6
           30      172.197       7284.8      3050.37
           31      171.784      7279.59      3046.76
           32      171.438      7275.43      3043.66
           33      171.149      7272.09         3041
           34      170.907       7269.4      3038.71
           35      170.711      7267.25      3036.76
           36      170.544      7265.49      3035.06
           37      170.407      7264.08       3033.6
           38      170.291      7262.91      3032.34
           39      170.194      7261.96      3031.25
           40      170.114      7261.19      3030.31
           41      170.048      7260.57      3029.51
           42      169.994      7260.06      3028.82
           43       169.95      7259.71      3028.24
           44      169.914      7259.91      3027.74
           45      169.885      7260.12      3027.32
           46      169.862      7260.34      3026.96
           47      169.842      7260.55      3026.66
           48      169.827      7260.74       3026.4
           49      169.815      7260.93      3026.18
           50      169.805       7261.1         3026
           51      169.797      7261.26      3025.85
           52      169.791       7261.4      3025.72
           53      169.786      7261.56      3025.61
           54      169.782      7261.66      3025.52
           55      169.779      7261.75      3025.45
           56      169.777      7261.87      3025.39
           57      169.776      7261.94      3025.33
           58      169.774      7262.01      3025.29
           59      169.774      7262.09      3025.26
           60      169.773      7262.14      3025.23
           61      169.773      7262.19       3025.2
           62      169.772      7262.24      3025.18
           63      169.772      7262.29      3025.17
           64      169.772      7262.33      3025.15
           65      169.772      7262.36      3025.14
           66      169.773      7262.39      3025.13
           67      169.773      7262.42      3025.13
           68      169.773      7262.44      3025.12
           69      169.773      7262.46      3025.12
           70      169.773      7262.48      3025.11
           71      169.773       7262.5      3025.11
           72      169.774      7262.51      3025.11
           73      169.774      7262.52      3025.11
           74      169.774      7262.53       3025.1
           75      169.774      7262.54       3025.1
           76      169.774      7262.55       3025.1
           77      169.774      7262.56       3025.1
           78      169.774      7262.56       3025.1
           79      169.775      7262.57       3025.1
           80      169.775      7262.57       3025.1
           81      169.775      7262.58       3025.1
           82      169.775      7262.58       3025.1
           83      169.775      7262.58       3025.1
           84      169.775      7262.59       3025.1
           85      169.775      7262.59       3025.1
           86      169.775      7262.59       3025.1
           87      169.775      7262.59       3025.1
           88      169.775       7262.6       3025.1
           89      169.775       7262.6       3025.1
           90      169.775       7262.6       3025.1
           91      169.775       7262.6       3025.1
           92      169.775       7262.6       3025.1
           93      169.775       7262.6       3025.1
           94      169.775       7262.6       3025.1
           95      169.775       7262.6       3025.1
           96      169.775       7262.6       3025.1
           97      169.775       7262.6       3025.1
           98      169.775       7262.6       3025.1
           99      169.775       7262.6       3025.1
          100      169.775       7262.6       3025.1
